243
25
0.00000 0.07518
0.41640 0.77693
0.40990 0.80235
0.05931 0.24795
0.32371 0.40706
0.53003 0.51678
0.42336 0.45480
0.39122 0.54422
0.23124 0.32472
0.15772 0.06402
0.46151 0.11536
0.53003 0.13469
0.42885 0.15753
0.14900 0.10466
0.44407 0.13573
0.05755 0.08844
0.13705 0.17682
0.47993 0.11439
0.57413 0.13469
0.80439 0.20835
0.88111 0.46294
0.89111 0.40855
0.89111 0.40855
0.89111 0.40855
0.91054 0.41862
34
0.00000 0.07518
0.16148 0.07369
0.44531 0.10722
0.90355 0.31965
0.99824 0.36837
0.60679 0.14079
0.28233 0.08945
0.09070 0.06402
0.14352 0.12707
0.41043 0.79217
0.47395 0.78251
0.47843 0.78455
0.47395 0.78049
0.47719 0.78403
0.47072 0.78556
0.46647 0.78659
0.47621 0.78607
0.68625 0.60163
0.28955 0.41971
0.93569 0.54724
0.80014 0.69257
0.45452 0.47410
0.37976 0.44002
0.42512 0.27338
0.39073 0.85568
0.40219 0.86894
0.29154 0.40706
0.05259 0.07826
0.41787 0.11024
0.47297 0.17027
0.58187 0.33081
0.34935 0.35825
0.90355 0.43291
0.91054 0.41862
10
0.00000 0.07518
0.01395 0.06811
0.34987 0.11786
0.16370 0.21243
0.37502 0.09856
0.62571 0.83132
0.84100 0.24697
0.06803 0.44514
0.90678 0.40398
0.91054 0.41862
18
0.00000 0.07518
0.00921 0.09811
0.19760 0.26929
0.83379 0.76623
0.78045 0.78049
0.89434 0.35676
0.86367 0.08030
0.86318 0.07978
0.86044 0.08235
0.85893 0.07933
0.71369 0.07067
0.11637 0.44919
0.73436 0.44770
0.43806 0.47002
0.81435 0.73327
0.74308 0.98271
0.91178 0.44002
0.91054 0.41862
48
0.00000 0.07518
0.04285 0.07369
0.05807 0.44410
0.44542 0.77182
0.80127 0.99061
0.73436 0.90144
0.63295 0.84504
0.47794 0.78915
0.47794 0.78915
0.47794 0.78915
0.68949 0.82824
0.88239 0.61233
0.80886 0.08131
0.82131 0.06100
0.82131 0.06100
0.82131 0.06100
0.75354 0.05870
0.68576 0.05640
0.27210 0.45072
0.37104 0.43599
0.19486 0.44462
0.14753 0.12201
0.20606 0.29063
0.25643 0.36688
0.33965 0.69663
0.35585 0.54120
0.65261 0.52898
0.21553 0.00159
0.21553 0.00159
0.21741 0.00005
0.45004 0.11591
0.85074 0.16923
0.60604 0.13695
0.36134 0.10466
0.07525 0.00969
0.40219 0.10722
0.39073 0.10625
0.41242 0.02293
0.45328 0.02948
0.43396 0.02643
0.41464 0.02338
0.88337 0.29981
0.46425 0.03101
0.51383 0.03889
0.56341 0.04677
0.56341 0.04677
0.89209 0.38157
0.91054 0.41862
15
0.00000 0.07518
0.05755 0.04878
0.10217 0.42938
0.15674 0.09305
0.04334 0.03408
0.17294 0.23829
0.24771 0.00460
0.26064 0.00460
0.32694 0.02744
0.23549 0.47968
0.46099 0.11689
0.70095 0.16259
0.70271 0.15603
0.90257 0.39078
0.91054 0.41862
10
0.00000 0.07518
0.03687 0.05338
0.32544 0.39688
0.29751 0.42078
0.20185 0.08082
0.14254 0.11637
0.10168 0.01576
0.53078 0.04119
0.89532 0.40548
0.91054 0.41862
8
0.00000 0.07518
0.01992 0.06305
0.10217 0.00104
0.33641 0.04171
0.55793 0.04268
0.83055 0.79623
0.90678 0.45072
0.91054 0.41862
10
0.00000 0.07518
0.01244 0.07268
0.19862 0.28301
0.18614 0.25511
0.10765 0.35465
0.38299 0.90598
0.48989 0.94509
0.25790 0.42584
0.90629 0.40752
0.91054 0.41862
40
0.00000 0.07518
0.03090 0.04677
0.14205 0.06305
0.14254 0.12804
0.14254 0.12804
0.14254 0.12804
0.14254 0.12804
0.13332 0.13823
0.12882 0.13112
0.12882 0.13112
0.12882 0.13112
0.12882 0.13112
0.15674 0.11945
0.15723 0.12149
0.15723 0.12149
0.15723 0.12149
0.15723 0.12149
0.15723 0.12149
0.22151 0.29728
0.15126 0.11740
0.17144 0.12042
0.41190 0.25405
0.44181 0.13213
0.24869 0.43599
0.49139 0.49188
0.40716 0.53511
0.60476 0.84653
0.79740 0.71541
0.75154 0.98220
0.04661 0.02594
0.24421 0.44560
0.84251 0.75763
0.64115 0.84504
0.46696 0.80943
0.40716 0.78659
0.09194 0.45072
0.13754 0.13823
0.24545 0.46797
0.89532 0.39078
0.91054 0.41862
18
0.00000 0.07518
0.03962 0.03814
0.81435 0.74187
0.37055 0.60062
0.45452 0.02640
0.73087 0.10112
0.46922 0.02491
0.46373 0.02491
0.46373 0.02491
0.44080 0.10216
0.72763 0.64227
0.72763 0.64227
0.72763 0.64227
0.72763 0.64227
0.72763 0.64227
0.72763 0.64227
0.91377 0.38157
0.91054 0.41862
14
0.00000 0.07518
0.15674 0.06811
0.23771 0.33740
0.31172 0.67937
0.40866 0.53050
0.38374 0.67885
0.39896 0.82824
0.48316 0.78863
0.48316 0.78863
0.48316 0.78863
0.48316 0.78863
0.84300 0.76321
0.90257 0.38618
0.91054 0.41862
14
0.00000 0.07518
0.00921 0.06357
0.78594 0.70778
0.80563 0.67733
0.70320 0.99744
0.60803 0.49694
0.84300 0.75967
0.42659 0.46746
0.35709 0.77287
0.41464 0.09960
0.44629 0.23429
0.76151 0.67528
0.90032 0.42426
0.91054 0.41862
20
0.00000 0.07518
0.21929 0.30844
0.38100 0.85107
0.04063 0.03152
0.43659 0.16868
0.43757 0.16923
0.11588 0.06908
0.82905 0.75659
0.78496 0.17631
0.01620 0.06607
0.20185 0.28097
0.14802 0.11176
0.14028 0.06454
0.12235 0.06811
0.44132 0.13670
0.98854 0.18393
0.61352 0.19871
0.44080 0.12399
0.89983 0.39892
0.91054 0.41862
26
0.00000 0.07518
0.00921 0.10265
0.83228 0.56300
0.83454 0.25307
0.46099 0.11689
0.05206 0.05588
0.65099 0.26321
0.81210 0.37246
0.19760 0.27847
0.05334 0.05543
0.30375 0.73169
0.40170 0.55282
0.13806 0.10015
0.15332 0.33146
0.46237 0.22336
0.77143 0.11526
0.84424 0.01018
0.56939 0.13265
0.87314 0.28249
0.43482 0.08030
0.15024 0.12201
0.16223 0.07171
0.15449 0.07625
0.16148 0.07518
0.90404 0.40398
0.91054 0.41862
9
0.00000 0.07518
0.01571 0.07472
0.18614 0.30645
0.44080 0.24643
0.27312 0.10466
0.13930 0.07067
0.73038 0.09652
0.88885 0.39227
0.91054 0.41862
26
0.00000 0.07518
0.00199 0.09350
0.05007 0.02921
0.44005 0.12030
0.47545 0.91208
0.58435 0.86979
0.86566 0.93811
0.85694 0.93997
0.75256 0.94561
0.67430 0.83190
0.37953 0.77955
0.32221 0.75860
0.74207 0.44624
0.90629 0.58538
0.89133 0.33740
0.66832 0.17859
0.44531 0.01979
0.27011 0.42849
0.31097 0.72912
0.00673 0.02908
0.07999 0.02543
0.16445 0.02372
0.32146 0.98954
0.76549 0.97360
0.90855 0.42840
0.91054 0.41862
14
0.00000 0.07518
0.02218 0.04677
0.09619 0.29523
0.11712 0.22536
0.13806 0.15548
0.14205 0.15246
0.14404 0.15246
0.13754 0.15399
0.14080 0.15246
0.14205 0.15042
0.13806 0.15097
0.55619 0.52032
0.91227 0.41465
0.91054 0.41862
13
0.00000 0.07518
0.03590 0.04826
0.91227 0.56556
0.00474 0.10521
0.07352 0.09042
0.39122 0.31045
0.68351 0.14585
0.79789 0.19259
0.42174 0.05338
0.44292 0.07751
0.84025 0.24085
0.90780 0.38874
0.91054 0.41862
12
0.00000 0.07518
0.09243 0.05747
0.42460 0.10670
0.59878 0.20277
0.48666 0.33234
0.56698 0.51948
0.72763 0.89375
0.74557 0.94156
0.23771 0.44868
0.00199 0.05997
0.90629 0.40291
0.91054 0.41862
11
0.00000 0.07518
0.01244 0.04576
0.83379 0.74949
0.56442 0.04222
0.64712 0.18243
0.54235 0.06939
0.32319 0.03250
0.27684 0.06402
0.64340 0.53706
0.89983 0.41060
0.91054 0.41862
17
0.00000 0.07518
0.02541 0.04472
0.34438 0.41715
0.38697 0.43450
0.41464 0.44770
0.04236 0.44462
0.07551 0.08332
0.16321 0.06198
0.55894 0.12655
0.84100 0.17231
0.44629 0.11131
0.79368 0.77135
0.42934 0.79217
0.09469 0.30133
0.09668 0.27697
0.91825 0.44361
0.91054 0.41862
22
0.00000 0.07518
0.05059 0.05543
0.28233 0.40901
0.77996 0.69156
0.41415 0.47108
0.39945 0.60568
0.39769 0.83333
0.27958 0.42276
0.80387 0.97052
0.83055 0.95778
0.68625 0.15399
0.90953 0.17426
0.84525 0.17124
0.45004 0.01832
0.56540 0.11786
0.76800 0.12908
0.76800 0.12908
0.76800 0.12908
0.41141 0.10164
0.70820 0.07369
0.91501 0.38060
0.91054 0.41862
17
0.00000 0.07518
0.07600 0.07573
0.10814 0.27999
0.09619 0.29472
0.10540 0.38670
0.30101 0.40194
0.20681 0.28249
0.04462 0.05036
0.00000 0.46346
0.38100 0.00665
0.38152 0.00460
0.38201 0.00506
0.38374 0.00460
0.04063 0.04826
0.10540 0.34755
0.91276 0.38517
0.91054 0.41862
15
0.00000 0.07518
0.01372 0.10509
0.25042 0.36682
0.35261 0.10271
0.47170 0.30685
0.59405 0.20944
0.67531 0.18996
0.44181 0.14911
0.51906 0.36953
0.39896 0.10951
0.54646 0.19685
0.13231 0.11716
0.67903 0.05646
0.88987 0.39279
0.91054 0.41862
26
0.00000 0.07518
0.46200 0.17426
0.56390 0.22057
0.70222 0.37959
0.51109 0.38112
0.38524 0.66714
0.17294 0.23527
0.39521 0.11387
0.63419 0.54270
0.51932 0.36633
0.34063 0.12451
0.42934 0.17277
0.10168 0.31709
0.13754 0.06811
0.26988 0.09253
0.56714 0.13573
0.78917 0.38264
0.69448 0.37349
0.69399 0.37447
0.69674 0.37395
0.56266 0.34145
0.44854 0.01479
0.43584 0.02594
0.44256 0.12856
0.90306 0.44718
0.91054 0.41862
37
0.00000 0.07518
0.01083 0.09646
0.84525 0.38157
0.82082 0.22969
0.47297 0.11387
0.17343 0.07268
0.15674 0.07216
0.57187 0.23271
0.26714 0.08536
0.82457 0.37959
0.70147 0.60870
0.44132 0.26831
0.23585 0.46014
0.25515 0.36438
0.14028 0.12908
0.13280 0.17737
0.50294 0.01365
0.58731 0.05314
0.67168 0.09264
0.75605 0.13213
0.67655 0.05439
0.00748 0.10625
0.66332 0.04878
0.88712 0.60721
0.77124 0.70071
0.70820 0.46904
0.43708 0.19816
0.44952 0.01930
0.44531 0.25713
0.37652 0.43291
0.71418 0.46239
0.85570 0.27743
0.71192 0.98372
0.30898 0.90293
0.20734 0.27999
0.90580 0.41618
0.91054 0.41862
27
0.00000 0.07518
0.26988 0.41868
0.36953 0.09759
0.00598 0.42886
0.38299 0.77693
0.48542 0.78863
0.63145 0.84708
0.81807 0.73476
0.71094 0.07881
0.37378 0.33286
0.43708 0.16310
0.29154 0.40246
0.61401 0.02134
0.52804 0.38618
0.57138 0.45425
0.80014 0.20225
0.58236 0.00716
0.88611 0.98122
0.44903 0.14283
0.58732 0.25768
0.49090 0.17631
0.12460 0.07119
0.04736 0.21393
0.10168 0.31505
0.57089 0.52794
0.89659 0.41919
0.91054 0.41862
29
0.00000 0.07518
0.06353 0.02338
0.06353 0.02338
0.00523 0.04524
0.55469 0.12908
0.86269 0.62498
0.43757 0.19365
0.34239 0.15292
0.16644 0.02238
0.38374 0.10317
0.03962 0.03558
0.09844 0.30844
0.17516 0.02134
0.40219 0.44258
0.83653 0.76421
0.66460 0.83583
0.43110 0.79315
0.14254 0.11079
0.19261 0.25203
0.17467 0.00506
0.25293 0.35420
0.36183 0.77437
0.60528 0.85010
0.69497 0.60870
0.43110 0.46392
0.04935 0.05338
0.01669 0.45425
0.91002 0.43398
0.91054 0.41862
24
0.00000 0.07518
0.02391 0.07323
0.41043 0.45169
0.09668 0.44105
0.29928 0.11228
0.10716 0.06198
0.08747 0.46950
0.23075 0.32365
0.15126 0.10414
0.05157 0.03250
0.42659 0.15292
0.76252 0.16213
0.85622 0.16868
0.80837 0.21847
0.83228 0.23021
0.20606 0.28761
0.13656 0.17990
0.43482 0.15804
0.16595 0.03966
0.43757 0.46544
0.82033 0.74037
0.71467 0.08640
0.89908 0.40502
0.91054 0.41862
11
0.00000 0.07518
0.01669 0.10926
0.17144 0.23935
0.01346 0.10112
0.15351 0.06863
0.44456 0.20277
0.16272 0.06811
0.88386 0.60922
0.81860 0.83388
0.89483 0.38368
0.91054 0.41862
62
0.00000 0.07518
0.92076 0.44160
0.88186 0.60035
0.41291 0.80473
0.72388 0.64239
0.82582 0.77693
0.38025 0.91131
0.19038 0.26743
0.05232 0.05997
0.06803 0.19161
0.09942 0.34197
0.31247 0.87363
0.81759 0.97668
0.84999 0.99064
0.84562 0.98475
0.84126 0.97886
0.83690 0.97297
0.83254 0.96707
0.44132 0.80001
0.37104 0.77479
0.09570 0.28338
0.08348 0.29057
0.42836 0.69193
0.71441 0.39380
0.77646 0.60940
0.41065 0.44718
0.40370 0.30542
0.53500 0.12362
0.99850 0.17823
0.90953 0.32139
0.13581 0.07241
0.62397 0.52947
0.81112 0.72449
0.64889 0.55139
0.21380 0.29517
0.13532 0.07055
0.15723 0.05933
0.33841 0.14689
0.39445 0.10265
0.53849 0.19533
0.74481 0.44669
0.83676 0.99655
0.84025 0.99750
0.84799 0.99213
0.84681 0.99090
0.84562 0.98966
0.84444 0.98843
0.84326 0.98720
0.32296 0.03744
0.14727 0.14277
0.81334 0.97320
0.84750 0.99848
0.84002 0.99710
0.83254 0.99573
0.82506 0.99436
0.83078 0.96692
0.89957 0.59529
0.94565 0.51282
0.94640 0.51572
0.59679 0.13579
0.85273 0.16682
0.91054 0.41862
9
0.00000 0.07518
0.43933 0.02948
0.85995 0.32472
0.86168 0.27088
0.68527 0.99796
0.84476 0.26274
0.72839 0.64535
0.91603 0.44258
0.91054 0.41862
27
0.00000 0.07518
0.22151 0.31807
0.24643 0.34703
0.44132 0.17737
0.14303 0.16362
0.30800 0.72205
0.42836 0.46294
0.74880 0.43291
0.73534 0.43956
0.41190 0.44816
0.35585 0.42584
0.42238 0.67687
0.41640 0.45124
0.13607 0.17887
0.36457 0.60471
0.82954 0.94765
0.84424 0.64632
0.70869 0.09146
0.43110 0.10978
0.32916 0.09606
0.24369 0.08280
0.11089 0.07677
0.03736 0.04729
0.20358 0.27743
0.86318 0.92278
0.91603 0.44718
0.91054 0.41862
19
0.00000 0.07518
0.24643 0.43648
0.32443 0.57876
0.40219 0.56352
0.17967 0.27088
0.90182 0.17176
0.61002 0.19975
0.53225 0.36484
0.40543 0.30286
0.19313 0.28557
0.17332 0.47308
0.42512 0.70477
0.51981 0.82263
0.78319 0.70327
0.38648 0.43797
0.10615 0.39023
0.13881 0.14789
0.89209 0.38465
0.91054 0.41862
24
0.00000 0.07518
0.15400 0.44514
0.83653 0.25563
0.71019 0.13875
0.70967 0.14027
0.70869 0.13920
0.71241 0.13875
0.45328 0.11387
0.04609 0.05543
0.06578 0.26423
0.77075 0.14893
0.31845 0.99238
0.82781 0.80589
0.70369 0.67580
0.66460 0.57824
0.20185 0.28408
0.22576 0.11439
0.44305 0.18091
0.83653 0.75507
0.41314 0.77488
0.17343 0.44718
0.46425 0.47867
0.90678 0.40752
0.91054 0.41862
9
0.00000 0.07518
0.36457 0.10774
0.53225 0.18701
0.96061 0.18091
0.73587 0.44310
0.41689 0.47816
0.30800 0.69309
0.90731 0.45224
0.91054 0.41862
31
0.00000 0.07518
0.03962 0.05799
0.04661 0.02134
0.14080 0.06908
0.16321 0.08741
0.04285 0.02338
0.05334 0.05588
0.05059 0.02186
0.03789 0.03665
0.05608 0.01780
0.04834 0.02543
0.15699 0.39964
0.05533 0.05134
0.04511 0.02338
0.04135 0.01832
0.02443 0.02293
0.03639 0.02442
0.03191 0.02692
0.04409 0.02543
0.04236 0.03000
0.03041 0.04729
0.04063 0.03055
0.03139 0.05286
0.06503 0.32546
0.55195 0.20277
0.41092 0.51828
0.41738 0.75659
0.41415 0.78153
0.68028 0.82519
0.90306 0.44611
0.91054 0.41862
9
0.00000 0.07518
0.00425 0.10573
0.37055 0.93546
0.10765 0.36484
0.44132 0.24795
0.44903 0.03408
0.74406 0.04012
0.89806 0.37810
0.91054 0.41862
32
0.00000 0.07518
0.01519 0.04524
0.45227 0.47206
0.55567 0.20073
0.55394 0.20021
0.73211 0.64687
0.74406 0.65900
0.74357 0.65855
0.74083 0.43700
0.38374 0.02744
0.43659 0.11024
0.04011 0.19515
0.48267 0.17426
0.72114 0.39990
0.96561 0.35368
0.85893 0.32420
0.72888 0.09707
0.29928 0.39227
0.83330 0.76171
0.77222 0.15655
0.79466 0.69406
0.23947 0.46797
0.15772 0.20835
0.10716 0.37758
0.14851 0.09606
0.43806 0.24289
0.36829 0.33029
0.78545 0.16161
0.87964 0.61434
0.31499 0.40291
0.91276 0.45020
0.91054 0.41862
10
0.00000 0.07518
0.00748 0.08588
0.40118 0.58081
0.67280 0.83690
0.79041 0.77385
0.44181 0.19411
0.04285 0.03665
0.55195 0.12856
0.88363 0.43885
0.91054 0.41862
28
0.00000 0.07518
0.01395 0.10369
0.64340 0.03357
0.15400 0.12094
0.17467 0.00308
0.14626 0.18905
0.18989 0.27847
0.12697 0.23425
0.06405 0.19002
0.39570 0.10112
0.61352 0.20429
0.47346 0.11591
0.41043 0.44212
0.89859 0.31505
0.49365 0.11591
0.40043 0.10573
0.53875 0.36331
0.44854 0.27594
0.17467 0.07677
0.69399 0.15707
0.43982 0.09350
0.69497 0.98884
0.71967 0.87293
0.64291 0.54520
0.52628 0.19161
0.29827 0.40651
0.90130 0.42584
0.91054 0.41862
20
0.00000 0.07518
0.01571 0.05338
0.31571 0.63260
0.14254 0.19259
0.98132 0.17990
0.58510 0.13573
0.56067 0.08439
0.88784 0.17277
0.77398 0.97149
0.23823 0.32621
0.60303 0.20887
0.62821 0.19615
0.73485 0.19109
0.44181 0.04774
0.11637 0.00768
0.31770 0.12201
0.40768 0.25511
0.70595 0.39484
0.90456 0.38926
0.91054 0.41862
28
0.00000 0.07518
0.44407 0.10317
0.40641 0.44611
0.17467 0.24243
0.48914 0.92836
0.81435 0.95174
0.10341 0.35368
0.03191 0.18551
0.16047 0.21341
0.32818 0.11079
0.14254 0.12094
0.41043 0.14893
0.56168 0.34197
0.73087 0.64126
0.67753 0.64836
0.76699 0.41008
0.65261 0.04171
0.79965 0.69059
0.44678 0.47358
0.35111 0.42477
0.07773 0.01985
0.14152 0.07722
0.32544 0.09652
0.41415 0.11280
0.75605 0.15856
0.97756 0.34651
0.90780 0.40502
0.91054 0.41862
23
0.00000 0.07518
0.00199 0.04933
0.15825 0.08183
0.68900 0.48630
0.64663 0.14176
0.57315 0.13009
0.22478 0.07881
0.49263 0.49136
0.71967 0.62958
0.80514 0.71848
0.79890 0.37959
0.74831 0.44361
0.57586 0.13618
0.56341 0.11387
0.56341 0.11387
0.56341 0.11387
0.56341 0.11387
0.82954 0.23829
0.46200 0.11335
0.61401 0.02442
0.87566 0.30337
0.91452 0.44770
0.91054 0.41862
11
0.00000 0.07518
0.00049 0.04677
0.68253 0.05844
0.85671 0.61888
0.69550 0.79421
0.64938 0.86177
0.46696 0.11228
0.87739 0.17426
0.98132 0.33843
0.89258 0.39078
0.91054 0.41862
14
0.00000 0.07518
0.00699 0.05036
0.41190 0.78607
0.48267 0.78659
0.48666 0.78915
0.48267 0.78915
0.48042 0.78607
0.48042 0.78607
0.48042 0.78607
0.48042 0.78607
0.48316 0.78357
0.72715 0.80385
0.90081 0.37907
0.91054 0.41862
94
0.00000 0.07518
0.03413 0.04622
0.30477 0.40398
0.48218 0.11228
0.59206 0.19515
0.36904 0.14432
0.35908 0.10067
0.45279 0.01832
0.55296 0.12451
0.26714 0.08030
0.45501 0.11335
0.54372 0.20021
0.52079 0.18039
0.55469 0.04171
0.45726 0.11131
0.53500 0.12804
0.54548 0.12042
0.16422 0.07625
0.07003 0.06561
0.07003 0.06561
0.07003 0.06561
0.07003 0.06561
0.29379 0.38874
0.28135 0.45532
0.77023 0.44868
0.78868 0.44514
0.78868 0.44514
0.78868 0.44514
0.78868 0.44514
0.78868 0.44514
0.78868 0.44514
0.78868 0.44514
0.78868 0.44514
0.78868 0.44514
0.78868 0.44514
0.78868 0.44514
0.78868 0.44514
0.78868 0.44514
0.78868 0.44514
0.78868 0.44514
0.78868 0.44514
0.80338 0.44258
0.78368 0.43797
0.78966 0.45782
0.80762 0.46694
0.76575 0.42426
0.79567 0.45169
0.78966 0.44666
0.79740 0.47002
0.78368 0.45276
0.78594 0.44310
0.78868 0.44666
0.78432 0.44232
0.77996 0.43797
0.78420 0.45682
0.76301 0.39734
0.76936 0.42124
0.77571 0.44514
0.77808 0.44386
0.78045 0.44258
0.78094 0.44212
0.78169 0.44462
0.78868 0.44868
0.78643 0.44816
0.78094 0.44718
0.77947 0.44212
0.78169 0.44462
0.77673 0.43904
0.78545 0.44770
0.78045 0.44974
0.78169 0.44919
0.78169 0.44410
0.78169 0.44514
0.78270 0.44718
0.77996 0.44793
0.77722 0.44868
0.77447 0.44718
0.78966 0.45682
0.78929 0.45390
0.78892 0.45098
0.78856 0.44806
0.78819 0.44514
0.78652 0.45039
0.78486 0.45565
0.78319 0.46090
0.79041 0.43194
0.79368 0.39380
0.78469 0.42531
0.77571 0.45682
0.80704 0.62143
0.83836 0.78605
0.86968 0.95067
0.90257 0.41919
0.91054 0.41862
9
0.00000 0.07518
0.03315 0.07323
0.43858 0.19365
0.29704 0.15620
0.15549 0.11876
0.01395 0.08131
0.42635 0.15321
0.90081 0.38008
0.91054 0.41862
12
0.00000 0.07518
0.01470 0.11079
0.07450 0.06506
0.53127 0.12298
0.72339 0.08235
0.17020 0.23935
0.43584 0.20173
0.16746 0.22207
0.32694 0.12804
0.11138 0.07472
0.91377 0.45584
0.91054 0.41862
34
0.00000 0.07518
0.00372 0.04729
0.22301 0.30993
0.39844 0.14484
0.40370 0.54370
0.48169 0.78251
0.46971 0.78659
0.47621 0.78507
0.47758 0.78632
0.47895 0.78757
0.47895 0.78757
0.47895 0.78757
0.47895 0.78757
0.48117 0.80184
0.75105 0.94412
0.78917 0.68849
0.75331 0.42176
0.64340 0.54724
0.87415 0.29929
0.80014 0.69208
0.79142 0.38822
0.56589 0.11841
0.59006 0.27902
0.84025 0.75967
0.57187 0.84147
0.45651 0.80235
0.03789 0.44770
0.39246 0.54468
0.16370 0.20481
0.01992 0.04878
0.15550 0.09350
0.15674 0.20429
0.89584 0.41868
0.91054 0.41862
43
0.00000 0.07518
0.03590 0.05543
0.32443 0.03814
0.44031 0.12655
0.44181 0.12600
0.73436 0.65245
0.82457 0.74540
0.66956 0.83638
0.37878 0.91668
0.56839 0.98169
0.52677 0.93241
0.45277 0.92529
0.37878 0.91817
0.51320 0.98374
0.82082 0.75559
0.81533 0.36944
0.14152 0.17631
0.16870 0.03204
0.32044 0.03101
0.36457 0.43450
0.77173 0.78153
0.12010 0.06305
0.24320 0.34914
0.28906 0.40502
0.08521 0.07472
0.07773 0.07171
0.07225 0.06561
0.11912 0.01274
0.68302 0.59709
0.90032 0.38926
0.17418 0.03055
0.16697 0.02186
0.18166 0.02390
0.17569 0.02851
0.16644 0.04372
0.16321 0.03055
0.16497 0.01274
0.16870 0.04427
0.16919 0.04774
0.15825 0.05948
0.85296 0.90854
0.90780 0.40041
0.91054 0.41862
25
0.00000 0.07518
0.00846 0.04372
0.32593 0.04985
0.32593 0.04985
0.32593 0.04985
0.32593 0.04985
0.32593 0.04985
0.32593 0.04985
0.32593 0.04985
0.32593 0.04985
0.32593 0.04985
0.32593 0.04985
0.32593 0.04985
0.32593 0.04985
0.32593 0.04985
0.32593 0.04985
0.32593 0.04985
0.44456 0.10369
0.25643 0.42938
0.02316 0.04729
0.16148 0.11689
0.91926 0.57364
0.79515 0.76985
0.90780 0.43797
0.91054 0.41862
19
0.00000 0.07518
0.16621 0.08049
0.21305 0.30237
0.04236 0.02454
0.37714 0.03003
0.74681 0.12350
0.85074 0.27289
0.72639 0.08908
0.93693 0.52626
0.94503 0.51631
0.95313 0.50636
0.85472 0.26557
0.09792 0.29325
0.81710 0.21911
0.89284 0.59876
0.16896 0.06881
0.77921 0.69641
0.89783 0.39849
0.91054 0.41862
11
0.00000 0.07518
0.02989 0.04985
0.08472 0.28408
0.10168 0.30542
0.34660 0.40752
0.52530 0.11740
0.61352 0.14027
0.87040 0.27487
0.31770 0.98982
0.90904 0.41514
0.91054 0.41862
14
0.00000 0.07518
0.03687 0.05235
0.24820 0.08131
0.41314 0.10625
0.75654 0.15707
0.93295 0.37349
0.94768 0.51270
0.89036 0.60108
0.63569 0.54626
0.39769 0.54626
0.38374 0.77897
0.68678 0.82626
0.90355 0.41566
0.91054 0.41862
47
0.00000 0.07518
0.03454 0.11900
0.08380 0.12766
0.13306 0.13633
0.18233 0.14500
0.23159 0.15366
0.28086 0.16233
0.42865 0.18833
0.47791 0.19699
0.52717 0.20566
0.57644 0.21432
0.62570 0.22299
0.67496 0.23165
0.77349 0.24899
0.71516 0.08695
0.11138 0.13414
0.87641 0.95732
0.37378 0.43849
0.34337 0.42078
0.34438 0.42026
0.38750 0.32170
0.38750 0.30993
0.66133 0.52136
0.54871 0.48066
0.51873 0.47109
0.48874 0.46153
0.45876 0.45196
0.42877 0.44240
0.39878 0.43283
0.36880 0.42326
0.33881 0.41370
0.30883 0.40413
0.27884 0.39457
0.24885 0.38500
0.21887 0.37544
0.18888 0.36587
0.88386 0.33286
0.85247 0.91613
0.78420 0.70833
0.45279 0.47410
0.13332 0.15753
0.32544 0.80184
0.40170 0.56404
0.39896 0.44054
0.72440 0.44974
0.91727 0.44462
0.91054 0.41862
11
0.00000 0.07518
0.01071 0.04576
0.84149 0.93445
0.80935 0.16417
0.44354 0.12707
0.44181 0.09811
0.27759 0.42733
0.40170 0.59913
0.30477 0.73525
0.91227 0.44514
0.91054 0.41862
31
0.00000 0.07518
0.84149 0.83583
0.39521 0.44560
0.81984 0.36438
0.56540 0.52440
0.37701 0.43346
0.15400 0.07067
0.15126 0.07369
0.18937 0.26115
0.34611 0.42636
0.10491 0.36383
0.21978 0.29981
0.12784 0.44611
0.88562 0.46852
0.36679 0.98326
0.40268 0.85921
0.41787 0.44974
0.08423 0.44105
0.10442 0.27139
0.41840 0.66111
0.32969 0.55538
0.32867 0.03814
0.44181 0.17426
0.57040 0.33691
0.56988 0.33542
0.57364 0.33587
0.44629 0.18039
0.42986 0.02640
0.56540 0.12856
0.89160 0.39078
0.91054 0.41862
9
0.00000 0.07518
0.02218 0.05640
0.32270 0.04524
0.25368 0.09305
0.44407 0.25511
0.27361 0.42584
0.86968 0.95579
0.89209 0.38971
0.91054 0.41862
10
0.00000 0.07518
0.02056 0.09859
0.87141 0.28813
0.76898 0.68803
0.70696 0.47206
0.89859 0.59196
0.81259 0.95936
0.85946 0.93854
0.91054 0.42938
0.91054 0.41862
20
0.00000 0.07518
0.21106 0.29115
0.73211 0.64580
0.79691 0.39331
0.44531 0.17938
0.27485 0.10521
0.47072 0.11439
0.52353 0.18496
0.42512 0.27185
0.74357 0.98220
0.76951 0.03558
0.32818 0.53864
0.78545 0.39636
0.25368 0.08235
0.14479 0.10067
0.37976 0.43599
0.75154 0.93951
0.84202 0.76269
0.90953 0.40548
0.91054 0.41862
23
0.00000 0.07518
0.01669 0.04372
0.21429 0.28761
0.86494 0.27389
0.83875 0.65349
0.39570 0.84601
0.40817 0.55184
0.51207 0.38264
0.62968 0.19259
0.75278 0.19615
0.47519 0.03710
0.44678 0.10414
0.52579 0.19002
0.33841 0.03055
0.41366 0.02902
0.51805 0.18551
0.43858 0.09146
0.28830 0.09402
0.04462 0.10317
0.38648 0.10414
0.59705 0.30947
0.88186 0.39331
0.91054 0.41862
9
0.00000 0.07518
0.04511 0.19615
0.11040 0.36688
0.11040 0.36633
0.11138 0.36587
0.30973 0.90747
0.81585 0.73931
0.91550 0.44560
0.91054 0.41862
12
0.00000 0.07518
0.00748 0.09908
0.05157 0.02293
0.88836 0.60471
0.90032 0.98628
0.70095 0.61736
0.17294 0.24341
0.78045 0.15856
0.84375 0.92482
0.69223 0.83485
0.90629 0.43904
0.91054 0.41862
9
0.00000 0.07518
0.01845 0.10466
0.17294 0.44310
0.09844 0.43398
0.01718 0.10774
0.12235 0.44361
0.70422 0.99134
0.89983 0.41362
0.91054 0.41862
8
0.00000 0.07518
0.01669 0.06960
0.20358 0.26929
0.56168 0.53096
0.35484 0.42276
0.13006 0.06357
0.90953 0.46038
0.91054 0.41862
33
0.00000 0.07518
0.02391 0.04826
0.04560 0.03915
0.25094 0.01223
0.38423 0.43849
0.49688 0.33490
0.42189 0.10265
0.48715 0.17027
0.52530 0.18243
0.45775 0.42426
0.38374 0.70071
0.14303 0.13823
0.65362 0.53050
0.69275 0.99893
0.84698 0.94253
0.19411 0.27795
0.44407 0.79927
0.46971 0.80839
0.80984 0.95936
0.92922 0.50456
0.32270 0.07119
0.74782 0.12759
0.74782 0.12759
0.73436 0.64989
0.70644 0.98829
0.23771 0.33383
0.43584 0.21499
0.33566 0.38316
0.40866 0.44919
0.54150 0.51572
0.77124 0.40901
0.90257 0.43648
0.91054 0.41862
30
0.00000 0.07518
0.39720 0.44084
0.01545 0.44142
0.10190 0.31298
0.56789 0.04896
0.56665 0.04954
0.44354 0.13362
0.94294 0.09381
0.58559 0.13591
0.15674 0.06042
0.56616 0.52532
0.88536 0.47425
0.84623 0.76443
0.63968 0.54864
0.44407 0.14106
0.11461 0.01287
0.22079 0.30844
0.88686 0.33499
0.44407 0.16515
0.46847 0.10786
0.44031 0.06332
0.01071 0.04997
0.44430 0.14432
0.48342 0.16682
0.44305 0.12844
0.14329 0.06506
0.44828 0.11036
0.57687 0.13420
0.89930 0.38828
0.91054 0.41862
18
0.00000 0.07518
0.03041 0.43346
0.01195 0.15195
0.23996 0.44816
0.40043 0.29877
0.44031 0.04576
0.89434 0.41264
0.94317 0.50252
0.90182 0.38721
0.43858 0.16469
0.67603 0.05692
0.83976 0.63870
0.85622 0.91259
0.93170 0.55282
0.97109 0.34703
0.15550 0.44258
0.91002 0.39279
0.91054 0.41862
11
0.00000 0.07518
0.01395 0.04119
0.45279 0.02744
0.90953 0.33286
0.74132 0.11335
0.70147 0.39944
0.73436 0.43090
0.79466 0.19615
0.44580 0.16567
0.91727 0.44770
0.91054 0.41862
8
0.00000 0.07518
0.01022 0.10015
0.20459 0.28609
0.41588 0.29115
0.77173 0.21801
0.79515 0.16667
0.91129 0.42785
0.91054 0.41862
16
0.00000 0.07518
0.62096 0.02491
0.15126 0.09253
0.41092 0.44560
0.15825 0.20987
0.22801 0.00665
0.05481 0.44212
0.17144 0.23429
0.42238 0.24899
0.34239 0.12759
0.14254 0.15042
0.13280 0.14841
0.39896 0.82927
0.40915 0.63056
0.90904 0.42532
0.91054 0.41862
39
0.00000 0.07518
0.15175 0.06402
0.58882 0.13823
0.53676 0.15856
0.01894 0.05082
0.17791 0.06756
0.95911 0.34651
0.72290 0.09305
0.16546 0.03665
0.43384 0.98936
0.64863 0.04472
0.36829 0.42477
0.68749 0.58638
0.75928 0.46544
0.44678 0.27697
0.43584 0.22057
0.43806 0.15548
0.86543 0.17277
0.83777 0.21649
0.83153 0.21444
0.88337 0.61126
0.82244 0.38391
0.76151 0.15655
0.56815 0.11228
0.30251 0.40343
0.08920 0.44002
0.14900 0.08741
0.31845 0.03305
0.16272 0.06357
0.35209 0.95528
0.47072 0.41157
0.95140 0.34914
0.99726 0.18243
0.78270 0.39734
0.07773 0.08387
0.04236 0.02390
0.19362 0.07625
0.91227 0.42176
0.91054 0.41862
23
0.00000 0.07518
0.00248 0.09201
0.47346 0.99848
0.83379 0.77595
0.44952 0.01832
0.31499 0.66157
0.41516 0.45932
0.67332 0.50358
0.94768 0.17990
0.56939 0.12707
0.13979 0.17789
0.52206 0.37810
0.43433 0.44514
0.51533 0.37856
0.56540 0.23377
0.31571 0.09652
0.56864 0.07881
0.50136 0.11786
0.34239 0.41971
0.53225 0.18701
0.44678 0.03710
0.91652 0.44361
0.91054 0.41862
15
0.00000 0.07518
0.00398 0.04460
0.02293 0.03570
0.09818 0.10228
0.10442 0.10387
0.44230 0.20493
0.52504 0.18109
0.21478 0.07838
0.15648 0.21243
0.28259 0.09024
0.15599 0.06506
0.37727 0.42593
0.63220 0.53102
0.90531 0.44252
0.91054 0.41862
45
0.00000 0.07518
0.20681 0.28557
0.78545 0.70272
0.60254 0.84760
0.58409 0.84909
0.92099 0.45532
0.09893 0.44410
0.04511 0.04119
0.86494 0.60977
0.82830 0.80741
0.83503 0.95936
0.76898 0.68394
0.75654 0.42532
0.40866 0.10978
0.40866 0.10978
0.40866 0.10978
0.40866 0.10978
0.40866 0.10978
0.40866 0.10978
0.40866 0.10978
0.40866 0.10978
0.40866 0.10978
0.40866 0.10978
0.40866 0.10978
0.40866 0.10978
0.52030 0.37048
0.40990 0.10926
0.40990 0.10926
0.39945 0.60010
0.44354 0.25460
0.40219 0.10926
0.40219 0.10926
0.75105 0.79217
0.41314 0.78049
0.40442 0.10466
0.40592 0.10573
0.41516 0.47968
0.83653 0.95829
0.51981 0.37093
0.40543 0.10926
0.56714 0.20935
0.40641 0.11024
0.36258 0.10112
0.91452 0.38368
0.91054 0.41862
24
0.00000 0.07518
0.00748 0.04524
0.25692 0.00104
0.25643 0.00204
0.25643 0.00204
0.25643 0.00204
0.25643 0.00204
0.22301 0.30895
0.22301 0.30895
0.22301 0.30895
0.22301 0.30895
0.22301 0.30895
0.22301 0.30895
0.22301 0.30895
0.22301 0.30895
0.33142 0.36383
0.31499 0.37197
0.30751 0.38157
0.31845 0.37298
0.33243 0.37651
0.32270 0.38060
0.33142 0.36383
0.89983 0.43194
0.91054 0.41862
15
0.00000 0.07518
0.25192 0.08439
0.18764 0.26017
0.43110 0.87851
0.39994 0.86586
0.40866 0.69867
0.40317 0.78306
0.76748 0.98326
0.82781 0.83583
0.18764 0.24085
0.47670 0.21393
0.05755 0.04933
0.97482 0.34651
0.91825 0.38112
0.91054 0.41862
12
0.00000 0.07518
0.03191 0.07216
0.22425 0.31249
0.51259 0.95174
0.86867 0.09503
0.89806 0.30337
0.67877 0.18951
0.64663 0.55184
0.77722 0.78101
0.92148 0.56910
0.91452 0.43797
0.91054 0.41862
10
0.00000 0.07518
0.89908 0.40651
0.24918 0.08536
0.78594 0.16417
0.94817 0.10216
0.94640 0.10216
0.95238 0.10317
0.94915 0.10015
0.97805 0.14484
0.91054 0.41862
8
0.00000 0.07518
0.01346 0.04774
0.55842 0.20783
0.74233 0.66004
0.74233 0.66004
0.82830 0.81555
0.90081 0.38926
0.91054 0.41862
18
0.00000 0.07518
0.02590 0.07625
0.16746 0.01680
0.77447 0.97912
0.81710 0.97201
0.81533 0.96695
0.34935 0.98982
0.44031 0.12350
0.33191 0.02186
0.44031 0.10015
0.43433 0.09707
0.41787 0.78915
0.78368 0.70327
0.34886 0.42026
0.92599 0.33331
0.95189 0.28097
0.90780 0.40599
0.91054 0.41862
21
0.00000 0.07518
0.02169 0.04171
0.35859 0.42227
0.68028 0.49748
0.70546 0.07881
0.56540 0.01832
0.08646 0.28911
0.08747 0.24899
0.11089 0.39279
0.91002 0.32267
0.88611 0.30286
0.88611 0.30286
0.88611 0.30286
0.84251 0.26475
0.56665 0.19975
0.45452 0.16009
0.26289 0.36837
0.77447 0.68699
0.86442 0.92631
0.89859 0.42938
0.91054 0.41862
17
0.00000 0.07518
0.00474 0.09811
0.08972 0.06049
0.10168 0.06454
0.33965 0.15042
0.18888 0.07268
0.33641 0.10265
0.42013 0.10978
0.44256 0.23429
0.41366 0.44816
0.61600 0.51776
0.34713 0.41566
0.14626 0.13823
0.76203 0.97610
0.87964 0.60568
0.89532 0.39023
0.91054 0.41862
16
0.00000 0.07518
0.04360 0.07070
0.24744 0.48078
0.20035 0.28045
0.34040 0.36023
0.44678 0.26966
0.04484 0.00052
0.81710 0.15170
0.45625 0.11463
0.15749 0.08299
0.56988 0.04948
0.76128 0.42078
0.54646 0.36017
0.22203 0.31484
0.90802 0.38932
0.91054 0.41862
10
0.00000 0.07518
0.03240 0.04942
0.16171 0.07518
0.08123 0.07735
0.39223 0.79333
0.09318 0.27603
0.82533 0.82863
0.38224 0.91555
0.89310 0.38267
0.91054 0.41862
22
0.00000 0.07518
0.02218 0.04576
0.07499 0.44361
0.45328 0.16310
0.57961 0.13670
0.28233 0.42938
0.36780 0.60312
0.22354 0.31505
0.33739 0.16417
0.29229 0.09707
0.06901 0.44310
0.51383 0.50404
0.76748 0.70272
0.45925 0.47916
0.10217 0.44974
0.74733 0.93040
0.73685 0.80589
0.88111 0.34755
0.59108 0.02293
0.63569 0.03305
0.90257 0.39785
0.91054 0.41862
13
0.00000 0.07518
0.02541 0.04878
0.40592 0.44611
0.18813 0.25661
0.14028 0.11228
0.10442 0.35011
0.10442 0.34703
0.26662 0.44310
0.40641 0.44212
0.73162 0.44462
0.79789 0.20225
0.89757 0.38060
0.91054 0.41862
15
0.00000 0.07518
0.04609 0.07677
0.44678 0.14228
0.39622 0.14682
0.33191 0.09707
0.58187 0.25353
0.26564 0.07216
0.84799 0.86177
0.55394 0.19923
0.44854 0.16417
0.29827 0.10216
0.29702 0.39734
0.00921 0.06561
0.91002 0.43346
0.91054 0.41862
14
0.00000 0.07518
0.00248 0.04171
0.15175 0.07323
0.44256 0.47108
0.82905 0.75251
0.86044 0.91107
0.89036 0.60364
0.94219 0.34048
0.92475 0.10216
0.86968 0.47816
0.77673 0.40651
0.86717 0.29981
0.90355 0.43240
0.91054 0.41862
39
0.00000 0.07518
0.02815 0.06253
0.77895 0.16618
0.82732 0.55742
0.82732 0.55742
0.61276 0.54068
0.56442 0.84452
0.72986 0.45224
0.77398 0.61126
0.77398 0.61126
0.77398 0.61126
0.77398 0.61126
0.77398 0.61126
0.77398 0.61126
0.77398 0.61126
0.77398 0.61126
0.77398 0.61126
0.64863 0.54724
0.72114 0.45886
0.67979 0.04933
0.86592 0.93189
0.72290 0.62806
0.72290 0.62806
0.63194 0.52998
0.37228 0.43700
0.71192 0.62605
0.76699 0.68245
0.85995 0.95174
0.69174 0.59602
0.74132 0.65702
0.74132 0.65702
0.71891 0.88214
0.72016 0.62754
0.72016 0.62754
0.72016 0.62754
0.72016 0.62754
0.70369 0.60870
0.91926 0.45532
0.91054 0.41862
19
0.00000 0.07518
0.03090 0.04729
0.13881 0.18143
0.20358 0.27902
0.30300 0.40398
0.82457 0.82467
0.76800 0.85717
0.76800 0.85875
0.74893 0.80336
0.72986 0.74797
0.83503 0.76623
0.78169 0.97406
0.20407 0.27847
0.37378 0.92631
0.14900 0.10369
0.79041 0.18801
0.86494 0.31914
0.91550 0.38316
0.91054 0.41862
8
0.00000 0.07518
0.00846 0.10164
0.35111 0.13158
0.40120 0.04422
0.40817 0.62806
0.41464 0.70833
0.91452 0.42426
0.91054 0.41862
11
0.00000 0.07518
0.02067 0.07067
0.44854 0.01878
0.33465 0.99698
0.33416 0.02640
0.44456 0.14682
0.51932 0.37145
0.77222 0.69208
0.40866 0.54270
0.89708 0.41971
0.91054 0.41862
12
0.00000 0.07518
0.43933 0.18039
0.46847 0.41663
0.36183 0.54422
0.44256 0.24140
0.42934 0.02692
0.03864 0.04933
0.44531 0.26725
0.39994 0.30795
0.49861 0.11945
0.88239 0.40041
0.91054 0.41862
21
0.00000 0.07518
0.13930 0.16417
0.44456 0.15957
0.41043 0.10625
0.42238 0.02238
0.83379 0.96643
0.31398 0.90445
0.04409 0.02134
0.13208 0.24493
0.57040 0.09811
0.41314 0.10521
0.56540 0.00768
0.81112 0.95988
0.32443 0.84299
0.10765 0.38157
0.38051 0.43291
0.72065 0.63568
0.51932 0.51322
0.79142 0.38767
0.92099 0.45886
0.91054 0.41862
31
0.00000 0.07518
0.01244 0.04677
0.08322 0.08695
0.37976 0.43752
0.78094 0.70220
0.87840 0.61126
0.44181 0.21597
0.85893 0.61843
0.69824 0.84043
0.77023 0.68245
0.37378 0.42990
0.36506 0.10216
0.44256 0.19871
0.09070 0.05338
0.70644 0.08332
0.73087 0.42078
0.48498 0.44872
0.23910 0.47666
0.36731 0.43291
0.41840 0.45169
0.15674 0.07369
0.15024 0.06710
0.19587 0.26679
0.44031 0.46544
0.53552 0.51883
0.70967 0.46852
0.75105 0.62702
0.50335 0.50456
0.50335 0.50456
0.89483 0.40651
0.91054 0.41862
27
0.00000 0.07518
0.44354 0.15097
0.44678 0.01878
0.45004 0.18295
0.54597 0.41362
0.78045 0.77641
0.71790 0.66208
0.38475 0.43398
0.05108 0.09960
0.05108 0.03357
0.56766 0.13158
0.94317 0.17938
0.89532 0.28097
0.70422 0.14990
0.53028 0.12272
0.35634 0.09555
0.43982 0.12201
0.51533 0.18905
0.07401 0.05997
0.08646 0.04427
0.16644 0.03305
0.13656 0.17737
0.13607 0.17381
0.17294 0.01680
0.29503 0.39892
0.90780 0.42426
0.91054 0.41862
11
0.00000 0.07518
0.01395 0.06863
0.35386 0.42477
0.57187 0.93241
0.38250 0.85318
0.10390 0.35420
0.25293 0.35978
0.31123 0.69617
0.75876 0.97610
0.90505 0.42078
0.91054 0.41862
17
0.00000 0.07518
0.01395 0.05588
0.13555 0.06049
0.54323 0.12149
0.16148 0.05439
0.22079 0.31100
0.32168 0.61632
0.20881 0.28966
0.24643 0.46648
0.13555 0.06811
0.19760 0.26929
0.21230 0.29523
0.03687 0.44002
0.88111 0.96951
0.85348 0.62446
0.90855 0.40398
0.91054 0.41862
17
0.00000 0.07518
0.00049 0.03710
0.14303 0.23326
0.06353 0.44361
0.13006 0.29780
0.46523 0.80943
0.28955 0.40901
0.29007 0.08792
0.21429 0.29575
0.73162 0.98174
0.68351 0.15042
0.17343 0.00921
0.77823 0.04472
0.84476 0.17277
0.30375 0.83433
0.90032 0.42380
0.91054 0.41862
17
0.00000 0.07518
0.01669 0.04933
0.26838 0.10369
0.41787 0.25865
0.04511 0.07625
0.40043 0.10216
0.48218 0.31408
0.68028 0.58081
0.82356 0.73833
0.45053 0.47002
0.56766 0.45224
0.56766 0.45224
0.56766 0.45224
0.56766 0.45224
0.44256 0.27338
0.91227 0.38618
0.91054 0.41862
22
0.00000 0.07518
0.91501 0.38926
0.84100 0.63163
0.70095 0.84345
0.84300 0.75967
0.77023 0.47764
0.68426 0.35721
0.46425 0.29063
0.44256 0.08844
0.31447 0.76373
0.38799 0.78455
0.45403 0.81199
0.72215 0.80891
0.77496 0.69007
0.64712 0.55230
0.68028 0.85619
0.39445 0.78659
0.33142 0.76931
0.03413 0.43797
0.45403 0.11335
0.84375 0.26115
0.91054 0.41862
28
0.00000 0.07518
0.32097 0.09402
0.77447 0.21393
0.73534 0.16618
0.64115 0.54120
0.41689 0.45169
0.62919 0.18295
0.55842 0.11079
0.55469 0.10067
0.57187 0.03055
0.56864 0.03204
0.56714 0.03408
0.56589 0.03710
0.56815 0.03101
0.56815 0.03000
0.56589 0.02948
0.88784 0.36889
0.81909 0.76171
0.73534 0.98326
0.40442 0.99948
0.41915 0.11335
0.60852 0.50002
0.80713 0.58992
0.75380 0.46239
0.19636 0.26981
0.14952 0.09402
0.90306 0.39892
0.91054 0.41862
9
0.00000 0.07518
0.01571 0.11228
0.46696 0.16515
0.05931 0.05439
0.13806 0.17990
0.32319 0.69565
0.85446 0.90906
0.89859 0.38008
0.91054 0.41862
26
0.00000 0.07518
0.47346 0.48374
0.80762 0.72153
0.92374 0.52590
0.76203 0.67785
0.73038 0.44611
0.72715 0.09606
0.33690 0.40901
0.86044 0.28813
0.24369 0.44310
0.77722 0.68900
0.69174 0.99335
0.00248 0.13771
0.22301 0.31505
0.17467 0.03000
0.92798 0.56254
0.83379 0.76065
0.79890 0.76931
0.72489 0.67885
0.72613 0.74693
0.62596 0.84760
0.77297 0.78507
0.72986 0.78967
0.82232 0.74037
0.89806 0.42124
0.91054 0.41862
17
0.00000 0.07518
0.01571 0.04774
0.37927 0.78967
0.38374 0.77897
0.34425 0.76906
0.30477 0.75915
0.84100 0.25005
0.84251 0.75507
0.93621 0.50962
0.21704 0.29831
0.24869 0.10573
0.24820 0.10414
0.24421 0.10265
0.36679 0.13521
0.25019 0.44160
0.91776 0.44666
0.91054 0.41862
54
0.00000 0.07518
0.00248 0.06960
0.23771 0.44160
0.75056 0.66004
0.68204 0.59300
0.55943 0.44361
0.56005 0.44261
0.56067 0.44160
0.56116 0.44258
0.55943 0.44258
0.56341 0.44160
0.56279 0.44209
0.56217 0.44258
0.40990 0.52386
0.37878 0.70885
0.37280 0.70327
0.37353 0.70300
0.37427 0.70272
0.43384 0.20783
0.63145 0.53306
0.88513 0.98884
0.87690 0.29929
0.92749 0.36740
0.65163 0.53050
0.42836 0.46294
0.36829 0.43599
0.10066 0.33029
0.02291 0.03762
0.78695 0.13469
0.46696 0.11280
0.18888 0.07323
0.02002 0.31777
0.41043 0.53254
0.40543 0.44770
0.15874 0.08183
0.38573 0.70477
0.41043 0.27487
0.48854 0.14204
0.56665 0.00921
0.41041 0.03358
0.25417 0.05796
0.09794 0.08233
0.12735 0.06100
0.29827 0.40706
0.37228 0.77595
0.79142 0.95680
0.14028 0.11387
0.24643 0.32978
0.05569 0.17888
0.01346 0.44310
0.57886 0.96518
0.86269 0.95323
0.90678 0.43648
0.91054 0.41862
12
0.00000 0.07518
0.02590 0.07472
0.18339 0.00076
0.16595 0.05626
0.14851 0.11176
0.34611 0.41566
0.49316 0.33179
0.42885 0.02948
0.18117 0.44462
0.28680 0.08945
0.87840 0.39279
0.91054 0.41862
8
0.00000 0.07518
0.34713 0.12856
0.50335 0.18243
0.65859 0.18801
0.84848 0.01878
0.77297 0.16109
0.91178 0.45532
0.91054 0.41862
17
0.00000 0.07518
0.13953 0.09780
0.50959 0.50520
0.69948 0.84665
0.30826 0.99226
0.37776 0.93476
0.37727 0.93494
0.38374 0.93092
0.32146 0.84141
0.79789 0.70900
0.83428 0.79485
0.83405 0.79571
0.84002 0.79345
0.84300 0.79165
0.84025 0.78921
0.91603 0.44099
0.91054 0.41862
8
0.00000 0.07518
0.21429 0.44240
0.14877 0.11131
0.16171 0.22133
0.00474 0.09344
0.83875 0.37913
0.91949 0.44840
0.91054 0.41862
17
0.00000 0.07518
0.30202 0.75251
0.17768 0.28886
0.34114 0.03672
0.43708 0.10722
0.19362 0.29063
0.10442 0.06146
0.16004 0.05232
0.21565 0.04318
0.27127 0.03404
0.32688 0.02490
0.38250 0.01576
0.06206 0.05338
0.13705 0.07012
0.32221 0.80793
0.91501 0.38112
0.91054 0.41862
22
0.00000 0.07518
0.02391 0.04985
0.09295 0.01274
0.05657 0.04427
0.13058 0.06454
0.43159 0.25713
0.23898 0.46852
0.35386 0.60163
0.44132 0.16975
0.07773 0.04064
0.94728 0.30196
0.86194 0.26246
0.77659 0.22297
0.69125 0.18347
0.56589 0.12149
0.05657 0.03665
0.34987 0.98521
0.30751 0.72205
0.41640 0.48931
0.19760 0.27139
0.89983 0.38413
0.91054 0.41862
106
0.00000 0.07518
0.01868 0.10649
0.47245 0.31563
0.34514 0.12625
0.80089 0.38356
0.04236 0.44855
0.41663 0.46642
0.33168 0.54334
0.44531 0.10902
0.58732 0.01936
0.90505 0.44502
0.58510 0.01174
0.81759 0.20685
0.44057 0.21283
0.46023 0.28499
0.39622 0.30923
0.12261 0.07131
0.48068 0.11271
0.56789 0.13323
0.90032 0.31435
0.88487 0.29877
0.88562 0.30005
0.88637 0.30023
0.88660 0.30127
0.88686 0.30087
0.88487 0.30109
0.88487 0.30109
0.30751 0.83263
0.80413 0.96192
0.81533 0.72239
0.82604 0.16987
0.95689 0.10677
0.95738 0.10701
0.95813 0.10561
0.95911 0.10606
0.96384 0.10460
0.95862 0.10747
0.96087 0.10631
0.95787 0.10780
0.96211 0.10612
0.96012 0.10637
0.96038 0.10771
0.95640 0.10780
0.95440 0.10887
0.95290 0.10875
0.95365 0.10683
0.95238 0.10683
0.95365 0.10850
0.95813 0.10838
0.95640 0.10899
0.95787 0.10984
0.95689 0.10817
0.95640 0.10649
0.95587 0.10966
0.95813 0.10759
0.95986 0.10573
0.95911 0.10509
0.95640 0.10753
0.95689 0.10573
0.95764 0.10838
0.95862 0.10631
0.95862 0.10670
0.95640 0.10798
0.95813 0.10414
0.95640 0.10649
0.95937 0.10765
0.95937 0.10722
0.95764 0.10710
0.95738 0.10658
0.95689 0.10658
0.95862 0.10677
0.95663 0.10670
0.95787 0.10771
0.95839 0.10683
0.95862 0.10838
0.95738 0.10707
0.95587 0.10875
0.95640 0.10856
0.95663 0.10902
0.95440 0.10875
0.95839 0.10716
0.95813 0.10753
0.95764 0.10856
0.95264 0.10765
0.95489 0.10707
0.95114 0.10780
0.94990 0.10887
0.95114 0.10978
0.94839 0.11061
0.94990 0.11094
0.95512 0.11100
0.95663 0.11234
0.95640 0.11112
0.95911 0.10829
0.95862 0.10926
0.88186 0.04512
0.82582 0.49590
0.94516 0.51328
0.94516 0.51258
0.94516 0.51386
0.94542 0.51468
0.23448 0.33133
0.27909 0.43785
0.95911 0.35310
0.88987 0.38136
0.91054 0.41862
12
0.00000 0.07518
0.03639 0.05134
0.03789 0.01832
0.11040 0.02088
0.11040 0.02088
0.11040 0.02088
0.11040 0.02088
0.81037 0.69714
0.64340 0.18496
0.58409 0.01780
0.91377 0.43291
0.91054 0.41862
55
0.00000 0.07518
0.01022 0.04222
0.14753 0.06710
0.49090 0.17277
0.39445 0.61080
0.66408 0.91970
0.66283 0.91970
0.66283 0.91412
0.66283 0.91613
0.66283 0.92375
0.65735 0.92226
0.65362 0.91259
0.66234 0.90747
0.65810 0.91107
0.66185 0.90189
0.65810 0.91772
0.65588 0.91360
0.65588 0.91259
0.65535 0.91924
0.73959 0.79165
0.92922 0.35368
0.83826 0.34554
0.39171 0.98424
0.39396 0.85824
0.30973 0.72912
0.44456 0.43346
0.46474 0.29831
0.83702 0.25051
0.10341 0.34810
0.62047 0.02543
0.84251 0.83638
0.70644 0.99134
0.34514 0.40548
0.40866 0.44718
0.61773 0.54068
0.64712 0.55230
0.75429 0.46136
0.49316 0.17682
0.45501 0.16618
0.14080 0.44410
0.62746 0.54270
0.74459 0.66315
0.77996 0.69208
0.83104 0.96342
0.31398 0.01274
0.44531 0.10216
0.32495 0.38517
0.75478 0.12600
0.68749 0.99494
0.85397 0.87805
0.85172 0.88464
0.83277 0.35112
0.69997 0.81607
0.90780 0.44212
0.91054 0.41862
13
0.00000 0.07518
0.00699 0.04372
0.16047 0.21649
0.43659 0.17329
0.56116 0.10317
0.00098 0.03915
0.04560 0.21191
0.85172 0.63669
0.83552 0.93906
0.45452 0.47303
0.89859 0.35517
0.90731 0.40651
0.91054 0.41862
33
0.00000 0.07518
0.01022 0.04729
0.55394 0.12503
0.34611 0.13362
0.12682 0.06506
0.43982 0.19560
0.15874 0.06305
0.43659 0.07012
0.55394 0.19411
0.74632 0.15753
0.36581 0.10466
0.41588 0.46294
0.43061 0.44666
0.58510 0.27487
0.53451 0.14841
0.52729 0.03762
0.85893 0.32170
0.75056 0.45169
0.78594 0.59754
0.57638 0.52748
0.11912 0.43090
0.86044 0.61632
0.79417 0.70833
0.43858 0.99238
0.39122 0.31408
0.38750 0.01070
0.37976 0.01171
0.38152 0.01116
0.37927 0.01274
0.38051 0.01372
0.90306 0.17231
0.90404 0.45532
0.91054 0.41862
17
0.00000 0.07518
0.00598 0.06960
0.42836 0.15707
0.18539 0.25307
0.63021 0.54120
0.82232 0.44002
0.58098 0.43139
0.33965 0.42276
0.19959 0.07268
0.15772 0.12094
0.49737 0.17124
0.49316 0.17631
0.27287 0.04015
0.05108 0.03454
0.00000 0.08792
0.89908 0.38316
0.91054 0.41862
28
0.00000 0.07518
0.14952 0.10015
0.33841 0.14432
0.01071 0.10670
0.11089 0.38060
0.09844 0.28813
0.17667 0.00052
0.41840 0.02543
0.46749 0.17231
0.05533 0.44816
0.37603 0.54626
0.20459 0.28609
0.15276 0.07518
0.09942 0.06402
0.32371 0.10926
0.40641 0.10829
0.43982 0.11689
0.44181 0.24289
0.43757 0.18295
0.43982 0.22713
0.50985 0.35261
0.45178 0.27697
0.35435 0.13158
0.16497 0.23475
0.70869 0.84958
0.85021 0.62657
0.91975 0.44974
0.91054 0.41862
23
0.00000 0.07518
0.02244 0.04372
0.43708 0.20551
0.51733 0.37002
0.44877 0.07600
0.72812 0.09619
0.82258 0.76659
0.66408 0.83513
0.37378 0.77699
0.34536 0.76531
0.32345 0.99518
0.31920 0.83537
0.21406 0.29914
0.15550 0.06442
0.81785 0.73409
0.17592 0.25332
0.24771 0.03024
0.16520 0.07198
0.51658 0.37779
0.61698 0.53998
0.34638 0.41279
0.91028 0.44919
0.91054 0.41862
28
0.00000 0.07518
0.48440 0.11591
0.52804 0.12042
0.71241 0.15707
0.87239 0.39023
0.41141 0.11484
0.91002 0.56602
0.87788 0.96546
0.86168 0.96951
0.86168 0.96951
0.86168 0.96951
0.86168 0.96951
0.86168 0.96951
0.86168 0.96951
0.86168 0.96951
0.85893 0.96750
0.81161 0.20835
0.39246 0.10670
0.86968 0.31045
0.87840 0.61843
0.93896 0.53096
0.83379 0.76985
0.55842 0.83891
0.77771 0.69105
0.63840 0.31408
0.60852 0.19975
0.89757 0.41105
0.91054 0.41862
14
0.00000 0.07518
0.00748 0.06710
0.34837 0.12149
0.46474 0.16469
0.58559 0.31197
0.57638 0.46392
0.83604 0.74897
0.66607 0.83638
0.13479 0.44611
0.39769 0.88415
0.62547 0.84805
0.84251 0.76321
0.90953 0.41514
0.91054 0.41862
12
0.00000 0.07518
0.02989 0.07369
0.36081 0.42078
0.26714 0.45733
0.97482 0.13975
0.75928 0.19667
0.56442 0.01530
0.07826 0.05384
0.15723 0.07472
0.45129 0.05844
0.90081 0.39734
0.91054 0.41862
17
0.00000 0.07518
0.00921 0.10926
0.01022 0.04933
0.06353 0.44160
0.06901 0.19259
0.39994 0.78659
0.31995 0.84147
0.87314 0.30435
0.52406 0.12149
0.15723 0.20887
0.52455 0.93546
0.40592 0.86479
0.43159 0.75205
0.21106 0.07421
0.25741 0.01223
0.89857 0.39093
0.91054 0.41862
10
0.00000 0.07518
0.01022 0.05189
0.44678 0.12399
0.79466 0.59151
0.73685 0.10829
0.75827 0.97149
0.83104 0.24795
0.56589 0.13158
0.90580 0.39078
0.91054 0.41862
11
0.00000 0.07518
0.46200 0.16469
0.53924 0.19463
0.90505 0.17027
0.18339 0.06402
0.45824 0.09811
0.30424 0.08945
0.62148 0.02744
0.83702 0.25005
0.91550 0.38465
0.91054 0.41862
14
0.00000 0.07518
0.19411 0.37145
0.13881 0.23121
0.24098 0.08332
0.46151 0.03506
0.73534 0.15804
0.31349 0.87851
0.27860 0.40956
0.71516 0.08131
0.84149 0.36075
0.76477 0.41060
0.32270 0.39837
0.90580 0.41822
0.91054 0.41862
12
0.00000 0.07518
0.03488 0.05600
0.22602 0.31929
0.45651 0.02338
0.81086 0.19560
0.69249 0.15347
0.53300 0.12472
0.51756 0.38246
0.71192 0.82183
0.87840 0.61510
0.89783 0.41252
0.91054 0.41862
17
0.00000 0.07518
0.00921 0.10414
0.62322 0.08439
0.66084 0.14585
0.84897 0.27033
0.69125 0.60062
0.61600 0.85159
0.84202 0.76117
0.07078 0.27139
0.09991 0.45584
0.10115 0.45124
0.10115 0.44974
0.67332 0.34499
0.94167 0.52084
0.93445 0.49340
0.90780 0.45983
0.91054 0.41862
8
0.00000 0.07518
0.00372 0.08890
0.83552 0.93951
0.66084 0.04774
0.62746 0.54520
0.43110 0.46038
0.89757 0.38721
0.91054 0.41862
13
0.00000 0.07518
0.02391 0.08235
0.23624 0.44868
0.15276 0.07677
0.56540 0.10829
0.44305 0.24749
0.70696 0.61029
0.43384 0.46496
0.10664 0.35721
0.28631 0.41008
0.30898 0.90958
0.91501 0.46090
0.91054 0.41862
18
0.00000 0.07518
0.43159 0.26115
0.83653 0.78153
0.74357 0.65297
0.75876 0.78967
0.49861 0.81961
0.37878 0.77897
0.34562 0.76985
0.33416 0.76729
0.21331 0.29877
0.18215 0.21295
0.14303 0.11990
0.21606 0.30133
0.44779 0.47206
0.47568 0.48172
0.82954 0.80184
0.90182 0.39182
0.91054 0.41862
18
0.00000 0.07518
0.01620 0.05235
0.17144 0.01576
0.36581 0.42990
0.82232 0.76065
0.41516 0.77845
0.41640 0.74949
0.40442 0.58638
0.13754 0.17737
0.43858 0.18091
0.72440 0.63766
0.85893 0.63617
0.82830 0.22713
0.09743 0.31100
0.10863 0.36438
0.45452 0.02799
0.90780 0.43599
0.91054 0.41862
24
0.00000 0.07518
0.00049 0.10466
0.09518 0.43797
0.57138 0.08491
0.99402 0.16923
0.71516 0.07625
0.45876 0.03152
0.56266 0.08792
0.64814 0.14533
0.69948 0.37810
0.59108 0.30645
0.61499 0.51376
0.82781 0.83433
0.75380 0.66111
0.75876 0.46038
0.82582 0.36889
0.85172 0.62498
0.26613 0.36837
0.16595 0.06756
0.48391 0.11387
0.86641 0.31807
0.84623 0.84653
0.90953 0.43035
0.91054 0.41862
8
0.00000 0.07518
0.02169 0.04427
0.43982 0.17381
0.64216 0.54831
0.45876 0.16975
0.52455 0.38112
0.91926 0.38874
0.91054 0.41862
36
0.00000 0.07518
0.09469 0.30185
0.10442 0.37093
0.34660 0.35874
0.86367 0.17231
0.91501 0.17426
0.95587 0.17631
0.54048 0.12042
0.55793 0.19871
0.77996 0.16567
0.84375 0.35926
0.58784 0.47666
0.43933 0.44310
0.62096 0.52440
0.77023 0.85619
0.77075 0.85717
0.79255 0.84831
0.81435 0.83946
0.82307 0.67074
0.83228 0.78199
0.57586 0.00610
0.38799 0.30947
0.15825 0.07216
0.11461 0.06607
0.51756 0.12350
0.92847 0.35368
0.60205 0.00716
0.41640 0.01628
0.56442 0.09555
0.57138 0.09042
0.44678 0.04171
0.55518 0.12399
0.44181 0.24191
0.65486 0.03915
0.91227 0.38209
0.91054 0.41862
44
0.00000 0.07518
0.14802 0.46239
0.26116 0.43496
0.34164 0.41008
0.34164 0.41008
0.28830 0.39581
0.43757 0.44258
0.70497 0.38767
0.36506 0.34703
0.32097 0.40901
0.73809 0.43398
0.86641 0.29575
0.65088 0.14533
0.44903 0.11591
0.88111 0.61330
0.86915 0.62880
0.85719 0.64430
0.84523 0.65980
0.83327 0.67529
0.82131 0.69079
0.80935 0.70629
0.79739 0.72179
0.78544 0.73728
0.77348 0.75278
0.76152 0.76828
0.74956 0.78378
0.73760 0.79927
0.14254 0.07216
0.24496 0.44514
0.32593 0.57672
0.32279 0.56101
0.31966 0.54530
0.31652 0.52960
0.31339 0.51389
0.31025 0.49818
0.30712 0.48247
0.30398 0.46676
0.30085 0.45105
0.29771 0.43534
0.29457 0.41964
0.29144 0.40393
0.28830 0.38822
0.91501 0.43797
0.91054 0.41862
14
0.00000 0.07518
0.02443 0.04576
0.24421 0.08491
0.15674 0.09350
0.17467 0.01424
0.15449 0.21749
0.04935 0.44514
0.31398 0.86638
0.28458 0.38264
0.20881 0.27645
0.80837 0.96085
0.84300 0.84299
0.90855 0.41770
0.91054 0.41862
41
0.00000 0.07518
0.02443 0.04588
0.15599 0.04613
0.16546 0.05607
0.15900 0.05850
0.16347 0.04530
0.17618 0.03890
0.16621 0.04286
0.17866 0.03985
0.17369 0.03198
0.16945 0.02607
0.16197 0.02280
0.16945 0.01729
0.17768 0.01479
0.17569 0.01524
0.25117 0.44154
0.03462 0.17841
0.07525 0.05439
0.15024 0.06741
0.30800 0.65376
0.30751 0.65260
0.32469 0.59696
0.00598 0.44508
0.10367 0.44328
0.16520 0.09158
0.21155 0.28774
0.10318 0.36792
0.17667 0.44334
0.42261 0.27716
0.58160 0.25899
0.55992 0.22847
0.73609 0.42554
0.48267 0.49124
0.42088 0.73233
0.42712 0.75293
0.38423 0.85601
0.36930 0.85439
0.37776 0.90625
0.80112 0.67906
0.91701 0.45822
0.91054 0.41862
13
0.00000 0.07518
0.00150 0.08741
0.46971 0.12149
0.94591 0.17887
0.73685 0.05844
0.34438 0.02390
0.13107 0.05948
0.33191 0.55895
0.08048 0.06357
0.77173 0.15905
0.77297 0.16009
0.91002 0.38874
0.91054 0.41862
26
0.00000 0.07518
0.27661 0.38380
0.31822 0.83869
0.47196 0.03555
0.11487 0.06024
0.44132 0.18539
0.28282 0.10594
0.26413 0.37343
0.89408 0.99284
0.09570 0.29395
0.06206 0.08997
0.13081 0.06542
0.14626 0.03436
0.46373 0.16899
0.57961 0.13405
0.79815 0.37182
0.79682 0.37506
0.79549 0.37831
0.79417 0.38156
0.79284 0.38481
0.79151 0.38805
0.79018 0.39130
0.89009 0.37145
0.89457 0.43118
0.89408 0.42938
0.91054 0.41862
11
0.00000 0.07518
0.00474 0.04472
0.14479 0.07067
0.18065 0.00052
0.09393 0.03305
0.11637 0.02491
0.11637 0.02491
0.07875 0.05896
0.24771 0.08030
0.91452 0.43035
0.91054 0.41862
15
0.00000 0.07518
0.04212 0.07616
0.01039 0.04513
0.22899 0.30813
0.41016 0.50718
0.17516 0.25301
0.08770 0.03936
0.06104 0.06100
0.23823 0.33069
0.02989 0.04692
0.12558 0.07826
0.44704 0.16996
0.44230 0.03671
0.90032 0.39450
0.91054 0.41862
95
0.00000 0.07518
0.02717 0.04729
0.43858 0.43904
0.69896 0.16923
0.70820 0.39279
0.93445 0.58946
0.51259 0.83946
0.48169 0.97000
0.78496 0.69156
0.61450 0.19871
0.69896 0.16817
0.90306 0.05338
0.69824 0.16771
0.76951 0.22109
0.38299 0.14283
0.59281 0.19365
0.76951 0.26423
0.77075 0.26219
0.74831 0.16417
0.69772 0.16667
0.58510 0.24341
0.68625 0.70123
0.80014 0.58230
0.73685 0.19161
0.69997 0.16213
0.77297 0.23121
0.77771 0.26883
0.38897 0.14228
0.77496 0.26627
0.74132 0.16417
0.69896 0.15957
0.46847 0.16868
0.21279 0.12399
0.77571 0.13920
0.66881 0.18853
0.68028 0.58285
0.64614 0.53404
0.72888 0.89330
0.64115 0.54776
0.65535 0.18603
0.67877 0.06357
0.63145 0.02640
0.83503 0.22155
0.72613 0.18649
0.56341 0.11637
0.08521 0.05896
0.44531 0.13771
0.31025 0.39688
0.23124 0.33792
0.15351 0.07472
0.09743 0.30795
0.04834 0.23326
0.28955 0.10774
0.12607 0.27185
0.13339 0.20919
0.14071 0.14653
0.14802 0.08387
0.05059 0.00256
0.33690 0.60163
0.13156 0.15548
0.14303 0.06710
0.56266 0.12908
0.72065 0.19057
0.69674 0.17579
0.39246 0.10875
0.25966 0.00256
0.17242 0.02543
0.35036 0.12963
0.73312 0.42584
0.76624 0.40956
0.78966 0.38157
0.78767 0.38008
0.78643 0.38209
0.78966 0.38112
0.78594 0.38112
0.78594 0.37758
0.78420 0.37907
0.78496 0.37758
0.78767 0.38316
0.78819 0.38112
0.78917 0.38060
0.51658 0.51014
0.31770 0.98271
0.69674 0.84196
0.73685 0.65245
0.54597 0.52136
0.13656 0.11176
0.09743 0.00409
0.15625 0.21545
0.40641 0.62498
0.76151 0.41362
0.84100 0.76373
0.73959 0.92323
0.90130 0.43142
0.91054 0.41862
21
0.00000 0.07518
0.02169 0.04305
0.30875 0.09542
0.54822 0.12893
0.93148 0.17231
0.67877 0.04844
0.44155 0.26499
0.67005 0.51102
0.79766 0.50502
0.90381 0.57568
0.73685 0.97451
0.84251 0.95540
0.65062 0.55358
0.25117 0.05305
0.86194 0.61574
0.84574 0.80187
0.84574 0.80187
0.84574 0.80187
0.83503 0.79013
0.89359 0.38426
0.91054 0.41862
28
0.00000 0.07518
0.02267 0.05235
0.14028 0.18649
0.44354 0.12759
0.46050 0.16975
0.46425 0.30286
0.78045 0.17938
0.86592 0.28966
0.82781 0.80589
0.31946 0.98936
0.17618 0.07171
0.71692 0.16009
0.72339 0.15292
0.54048 0.12503
0.13607 0.17841
0.33514 0.41514
0.49188 0.49136
0.65810 0.52492
0.79191 0.38971
0.93246 0.33792
0.38524 0.05082
0.39024 0.04576
0.36258 0.04576
0.36679 0.05692
0.37329 0.06305
0.63419 0.13975
0.89908 0.42176
0.91054 0.41862
13
0.00000 0.07518
0.02766 0.05384
0.36081 0.34755
0.21929 0.30691
0.13881 0.14637
0.13881 0.14637
0.13881 0.14637
0.30699 0.73220
0.33788 0.69663
0.83277 0.74391
0.86968 0.35624
0.91727 0.38572
0.91054 0.41862
12
0.00000 0.07518
0.00474 0.10317
0.05432 0.24697
0.31946 0.02134
0.69448 0.14734
0.43110 0.59099
0.40543 0.55389
0.33788 0.41971
0.10938 0.27947
0.74880 0.10829
0.90855 0.42636
0.91054 0.41862
17
0.00000 0.07518
0.00556 0.10476
0.49786 0.93342
0.82631 0.76421
0.14851 0.07472
0.09991 0.29673
0.68426 0.06454
0.70095 0.06253
0.17095 0.23021
0.33739 0.41919
0.33465 0.99085
0.72290 0.07518
0.77823 0.17329
0.89983 0.57974
0.87092 0.94714
0.91129 0.43142
0.91054 0.41862
20
0.00000 0.07518
0.00098 0.04774
0.37776 0.43240
0.77673 0.40194
0.56491 0.06198
0.14080 0.12149
0.14028 0.06756
0.34115 0.53962
0.38051 0.70071
0.21429 0.11536
0.44629 0.20277
0.20881 0.29621
0.13705 0.44666
0.44456 0.11484
0.39945 0.60215
0.22527 0.31807
0.42610 0.26981
0.80387 0.13823
0.91727 0.38264
0.91054 0.41862
39
0.00000 0.07518
0.26714 0.08997
0.13930 0.12707
0.42287 0.25460
0.44031 0.20935
0.34562 0.41919
0.38100 0.44105
0.38100 0.43599
0.37976 0.44054
0.37976 0.44054
0.37652 0.43797
0.37179 0.43956
0.68749 0.59300
0.58134 0.53148
0.37878 0.01424
0.26613 0.44361
0.30800 0.90650
0.40170 0.54468
0.73534 0.64580
0.78496 0.59401
0.66558 0.14734
0.44132 0.25005
0.45403 0.11176
0.70320 0.16054
0.81634 0.14841
0.84202 0.08332
0.84300 0.18188
0.66283 0.14682
0.60205 0.13573
0.56491 0.08131
0.88836 0.30231
0.88836 0.30231
0.88836 0.30231
0.88836 0.30231
0.88836 0.30231
0.62746 0.14432
0.44580 0.01274
0.91377 0.43194
0.91054 0.41862
23
0.00000 0.07518
0.03191 0.08332
0.34239 0.41618
0.32221 0.59300
0.32221 0.59248
0.31672 0.59300
0.32270 0.60215
0.32097 0.60568
0.32270 0.59959
0.30477 0.70833
0.31398 0.65952
0.29928 0.40855
0.14851 0.07421
0.22301 0.07978
0.31770 0.64431
0.31721 0.63818
0.41190 0.57114
0.41964 0.56910
0.41516 0.57364
0.40268 0.57062
0.68478 0.59858
0.92648 0.38157
0.91054 0.41862
10
0.00000 0.07518
0.01022 0.04774
0.13754 0.06908
0.19809 0.07323
0.54199 0.12201
0.46001 0.11387
0.22079 0.44816
0.76526 0.41008
0.88062 0.39785
0.91054 0.41862
71
0.00000 0.07518
0.43159 0.02948
0.85893 0.16868
0.92374 0.48224
0.32371 0.81147
0.57860 0.84653
0.37825 0.77995
0.32916 0.77031
0.16148 0.08280
0.39671 0.15097
0.57315 0.33383
0.56589 0.33792
0.56491 0.33587
0.43806 0.25353
0.56815 0.33127
0.56714 0.33639
0.56714 0.33331
0.57638 0.33029
0.56714 0.33542
0.56217 0.33587
0.56939 0.33587
0.57262 0.33691
0.56540 0.33889
0.57089 0.33542
0.56939 0.33740
0.57089 0.33691
0.56939 0.33691
0.56988 0.33639
0.57187 0.34249
0.57462 0.33996
0.56939 0.34554
0.57187 0.34100
0.55793 0.35368
0.56665 0.33691
0.56540 0.33889
0.56766 0.33490
0.56589 0.33740
0.82082 0.36587
0.87739 0.17277
0.60626 0.13920
0.17294 0.06863
0.24545 0.00460
0.57089 0.07268
0.56540 0.09042
0.09619 0.30947
0.14205 0.10521
0.14479 0.19161
0.40118 0.30231
0.16223 0.07012
0.89908 0.59401
0.82307 0.56965
0.65810 0.52697
0.21106 0.28966
0.15498 0.45630
0.39122 0.44105
0.75876 0.66766
0.74831 0.80287
0.71568 0.87702
0.69448 0.83485
0.64066 0.54672
0.58134 0.32621
0.67554 0.19161
0.56067 0.12908
0.44256 0.23527
0.62821 0.52898
0.75331 0.66617
0.82631 0.74489
0.79841 0.71291
0.85720 0.38721
0.89908 0.39990
0.91054 0.41862
17
0.00000 0.07518
0.00673 0.06640
0.04334 0.01924
0.10491 0.28051
0.13881 0.14753
0.53003 0.04222
0.41862 0.27789
0.36318 0.59733
0.30774 0.91677
0.19711 0.27825
0.54969 0.52178
0.73012 0.64529
0.19189 0.44419
0.37852 0.44014
0.38599 0.43404
0.89708 0.41054
0.91054 0.41862
11
0.00000 0.07518
0.02116 0.04985
0.34014 0.15957
0.43806 0.16417
0.11686 0.43547
0.23075 0.32569
0.76350 0.67580
0.41689 0.47206
0.32443 0.53556
0.93395 0.44428
0.91054 0.41862
26
0.00000 0.07518
0.03590 0.04878
0.26613 0.37349
0.56442 0.09305
0.50883 0.36535
0.33315 0.54575
0.30849 0.88973
0.25643 0.46392
0.75752 0.13618
0.33142 0.37298
0.08871 0.44611
0.46647 0.48066
0.78767 0.39636
0.62273 0.02744
0.80935 0.70327
0.20185 0.27947
0.31349 0.66714
0.38299 0.43752
0.69621 0.61080
0.65261 0.55742
0.70147 0.68394
0.60852 0.53761
0.16971 0.47968
0.84972 0.92022
0.89659 0.42276
0.91054 0.41862
15
0.00000 0.07518
0.00921 0.10265
0.33044 0.76674
0.24222 0.33179
0.75137 0.09555
0.68900 0.36837
0.53924 0.19667
0.58510 0.25353
0.00647 0.23271
0.13607 0.06658
0.45129 0.03101
0.44181 0.00768
0.95738 0.29778
0.90731 0.45480
0.91054 0.41862
9
0.00000 0.07518
0.02443 0.04372
0.18016 0.06908
0.46099 0.11228
0.82356 0.23679
0.36134 0.08536
0.81311 0.22512
0.88513 0.39227
0.91054 0.41862
21
0.00000 0.07518
0.03139 0.04774
0.66133 0.51572
0.74733 0.43599
0.56116 0.21545
0.50661 0.17481
0.12607 0.16923
0.20606 0.26725
0.85946 0.27139
0.80713 0.75967
0.75278 0.95680
0.77624 0.96290
0.82506 0.96192
0.77222 0.97762
0.31398 0.99238
0.84972 0.91162
0.57187 0.13469
0.43159 0.03152
0.44903 0.24749
0.89908 0.40398
0.91054 0.41862
17
0.00000 0.07518
0.00425 0.04427
0.05206 0.09503
0.47719 0.11689
0.65039 0.14585
0.93569 0.33889
0.44080 0.06049
0.32867 0.40450
0.45004 0.01372
0.15175 0.20323
0.44952 0.27847
0.38573 0.31301
0.78045 0.97509
0.31995 0.99134
0.76699 0.98070
0.91926 0.45480
0.91054 0.41862
23
0.00000 0.07518
0.01346 0.04933
0.09668 0.29831
0.07773 0.29063
0.41787 0.45682
0.14802 0.13670
0.15949 0.06561
0.48865 0.40041
0.44678 0.27237
0.03864 0.05543
0.14952 0.10573
0.19087 0.11591
0.55992 0.00558
0.54871 0.41212
0.62968 0.52697
0.81984 0.75763
0.81984 0.75763
0.81984 0.75763
0.81984 0.75763
0.48169 0.49038
0.22252 0.31606
0.90904 0.39944
0.91054 0.41862
16
0.00000 0.07518
0.20459 0.28813
0.56341 0.52748
0.47621 0.30231
0.24271 0.04677
0.29154 0.09146
0.72016 0.19207
0.71143 0.18445
0.24594 0.08332
0.51331 0.11387
0.11536 0.05844
0.08747 0.05844
0.87513 0.96040
0.80514 0.69059
0.90780 0.41413
0.91054 0.41862
25
0.00000 0.07518
0.01195 0.10414
0.01525 0.26635
0.03276 0.28264
0.05027 0.29894
0.06777 0.31523
0.08528 0.33153
0.10279 0.34782
0.12029 0.36412
0.13780 0.38042
0.15531 0.39671
0.17281 0.41301
0.19032 0.42930
0.20783 0.44560
0.61352 0.02238
0.84750 0.84760
0.32638 0.82491
0.14678 0.11841
0.69723 0.14682
0.11810 0.26274
0.82830 0.66669
0.88885 0.36740
0.63468 0.00966
0.90629 0.41212
0.91054 0.41862
30
0.00000 0.07518
0.89584 0.42176
0.71143 0.39892
0.49139 0.33081
0.27112 0.08387
0.15175 0.20630
0.81984 0.75967
0.38051 0.77641
0.10066 0.30645
0.43584 0.02594
0.23350 0.08183
0.20283 0.10926
0.56815 0.03454
0.30202 0.09146
0.51857 0.12149
0.76748 0.13112
0.72016 0.07012
0.29105 0.08695
0.04511 0.03966
0.37776 0.10112
0.60751 0.13823
0.99726 0.18496
0.99726 0.18347
0.44531 0.11945
0.19087 0.11280
0.46922 0.11536
0.64216 0.14381
0.93396 0.17176
0.68204 0.05235
0.91054 0.41862
27
0.00000 0.07518
0.03139 0.04677
0.24820 0.05134
0.24320 0.05439
0.43208 0.06908
0.86867 0.03863
0.66558 0.26171
0.46249 0.48480
0.46151 0.48480
0.42960 0.54450
0.39769 0.60419
0.32544 0.60364
0.32769 0.70272
0.37278 0.58434
0.41787 0.46596
0.46847 0.30487
0.31296 0.08945
0.37976 0.43291
0.36405 0.34197
0.76102 0.96290
0.56341 0.84196
0.41787 0.46444
0.62821 0.54370
0.80514 0.52748
0.79368 0.38413
0.92298 0.45932
0.91054 0.41862
18
0.00000 0.07518
0.00523 0.04576
0.06852 0.44410
0.56589 0.52590
0.55518 0.47718
0.55518 0.47718
0.55518 0.47718
0.55518 0.47718
0.58660 0.27139
0.79841 0.51934
0.79466 0.70983
0.75154 0.12707
0.77023 0.68900
0.77023 0.68900
0.77023 0.68900
0.77023 0.68900
0.90306 0.44974
0.91054 0.41862
36
0.00000 0.07518
0.88386 0.39380
0.58059 0.00558
0.43159 0.44868
0.45227 0.27185
0.44854 0.06198
0.01022 0.44718
0.84476 0.23935
0.37776 0.13975
0.53078 0.18243
0.45053 0.01018
0.83552 0.80440
0.84848 0.25460
0.57138 0.10625
0.17193 0.25713
0.16971 0.44770
0.05007 0.01320
0.28406 0.09094
0.15077 0.11387
0.43531 0.18701
0.13430 0.17789
0.35036 0.95732
0.34014 0.53962
0.26887 0.08890
0.66832 0.14734
0.43659 0.01320
0.43933 0.07067
0.57687 0.13265
0.95787 0.17990
0.81984 0.14585
0.78184 0.17533
0.70745 0.46746
0.15550 0.44160
0.82457 0.83787
0.79567 0.96643
0.91054 0.41862
53
0.00000 0.07518
0.90904 0.42026
0.87040 0.27289
0.43433 0.26475
0.15498 0.20429
0.54969 0.09201
0.46324 0.10926
0.44305 0.12247
0.15772 0.03915
0.25842 0.42990
0.53924 0.36182
0.95091 0.35368
0.87964 0.29575
0.22425 0.32063
0.41964 0.66004
0.46373 0.25255
0.79965 0.20124
0.81909 0.23069
0.81909 0.23069
0.94768 0.35215
0.44531 0.14682
0.50136 0.17426
0.76849 0.16567
0.97109 0.31151
0.81585 0.74135
0.30251 0.92482
0.79142 0.18188
0.85844 0.29063
0.33315 0.77745
0.41840 0.69007
0.39844 0.83583
0.39073 0.87958
0.44456 0.00866
0.78819 0.17124
0.87513 0.28408
0.84100 0.21393
0.44730 0.16109
0.05980 0.06305
0.32270 0.09606
0.70222 0.16975
0.70222 0.16975
0.70222 0.16975
0.69674 0.17381
0.62968 0.19463
0.56766 0.11893
0.56266 0.11990
0.56815 0.09707
0.56665 0.07518
0.56714 0.02134
0.69674 0.17073
0.69674 0.17073
0.61352 0.19975
0.91054 0.41862
12
0.00000 0.07518
0.43933 0.17176
0.43061 0.46136
0.56442 0.52748
0.15625 0.05747
0.86543 0.31965
0.89659 0.40651
0.82183 0.22871
0.76898 0.68849
0.82631 0.67074
0.92971 0.41264
0.91054 0.41862
45
0.00000 0.07518
0.01470 0.09960
0.00699 0.07625
0.00699 0.07625
0.00699 0.07625
0.00699 0.07625
0.01195 0.10926
0.01195 0.10926
0.01120 0.10265
0.03315 0.07774
0.01071 0.07625
0.00150 0.07677
0.00474 0.08131
0.00372 0.08536
0.00372 0.08536
0.16099 0.07774
0.07551 0.27743
0.05533 0.15603
0.06679 0.19259
0.83875 0.79315
0.90456 0.98829
0.90456 0.98829
0.78819 0.84247
0.78819 0.84247
0.62547 0.86177
0.84623 0.89479
0.77173 0.69617
0.67058 0.58230
0.77297 0.69714
0.77297 0.69714
0.86168 0.28761
0.81311 0.13469
0.64490 0.18701
0.48391 0.21137
0.23075 0.08491
0.53924 0.30185
0.75703 0.69309
0.06954 0.44361
0.41366 0.70327
0.38750 0.57267
0.43933 0.06658
0.78221 0.04576
0.69723 0.15445
0.91877 0.38926
0.91054 0.41862
19
0.00000 0.07518
0.25842 0.35624
0.55567 0.12548
0.90505 0.35721
0.42238 0.69970
0.41689 0.46346
0.56815 0.09146
0.55668 0.08332
0.46373 0.02851
0.98729 0.35313
0.85570 0.88665
0.70869 0.99284
0.33514 0.99034
0.40866 0.49950
0.51331 0.36130
0.51259 0.36130
0.74831 0.43090
0.90731 0.41105
0.91054 0.41862
70
0.00000 0.07518
0.01470 0.10369
0.00647 0.10722
0.01669 0.10112
0.00049 0.08387
0.13656 0.44361
0.10390 0.36484
0.16370 0.03250
0.75380 0.16009
0.55793 0.22005
0.56939 0.20685
0.57262 0.23981
0.74508 0.62446
0.75278 0.62446
0.75004 0.62553
0.82183 0.54422
0.76203 0.44054
0.76203 0.44310
0.76350 0.44160
0.75876 0.44310
0.76425 0.44105
0.76203 0.43797
0.76151 0.43904
0.76252 0.43956
0.76026 0.44258
0.76151 0.44258
0.76151 0.44160
0.76203 0.44310
0.75827 0.44002
0.76151 0.43700
0.76026 0.43648
0.76477 0.43648
0.76301 0.43849
0.76252 0.44462
0.79789 0.19515
0.04334 0.01985
0.59006 0.53148
0.77447 0.68547
0.82781 0.55998
0.65261 0.52998
0.38299 0.44054
0.13555 0.17073
0.08371 0.05948
0.24918 0.00966
0.30251 0.08792
0.44456 0.13112
0.58931 0.27902
0.46749 0.11228
0.44456 0.03915
0.45824 0.11280
0.47670 0.30645
0.73312 0.44160
0.79740 0.37703
0.79789 0.37856
0.79691 0.37554
0.79639 0.37554
0.79841 0.37856
0.79639 0.37856
0.70147 0.16213
0.56491 0.20073
0.45824 0.16817
0.21478 0.28051
0.43482 0.46239
0.79965 0.76833
0.43806 0.80129
0.33788 0.69995
0.12607 0.14990
0.18715 0.07518
0.88885 0.39380
0.91054 0.41862
20
0.00000 0.07518
0.01620 0.04222
0.53451 0.19411
0.53451 0.19411
0.53552 0.40194
0.53552 0.40194
0.61077 0.50764
0.38648 0.98726
0.28680 0.41770
0.12558 0.06100
0.56491 0.12201
0.70967 0.11024
0.94817 0.35215
0.59157 0.29621
0.88337 0.17381
0.54274 0.12298
0.40118 0.58081
0.78594 0.97104
0.91002 0.42477
0.91054 0.41862
32
0.00000 0.07518
0.01571 0.10164
0.43208 0.11131
0.61077 0.50812
0.43584 0.17027
0.40219 0.02543
0.30424 0.11536
0.37502 0.71291
0.37878 0.70272
0.37927 0.70169
0.41840 0.72912
0.38152 0.31807
0.54424 0.19560
0.56815 0.33435
0.48267 0.19207
0.48267 0.17631
0.48666 0.17990
0.49463 0.16109
0.48816 0.16259
0.48666 0.18551
0.48391 0.17329
0.44132 0.09146
0.30575 0.08183
0.44354 0.18445
0.19636 0.10875
0.53078 0.19207
0.69772 0.38008
0.71741 0.40752
0.64987 0.14335
0.25466 0.08280
0.89708 0.37810
0.91054 0.41862
15
0.00000 0.07518
0.00049 0.07722
0.79515 0.38465
0.52729 0.51572
0.87239 0.62349
0.73534 0.64940
0.10991 0.44816
0.73162 0.98070
0.64340 0.55081
0.92099 0.17579
0.85296 0.17176
0.41516 0.15603
0.26240 0.36535
0.91129 0.43090
0.91054 0.41862
13
0.00000 0.07518
0.10938 0.38465
0.17144 0.11689
0.13058 0.06454
0.71192 0.08030
0.10938 0.00610
0.14900 0.02799
0.14626 0.10625
0.15625 0.20579
0.45129 0.27795
0.85495 0.63977
0.91328 0.42176
0.91054 0.41862
14
0.00000 0.07518
0.01244 0.05692
0.14080 0.13823
0.63070 0.54370
0.72290 0.75101
0.75752 0.95476
0.18539 0.44770
0.10991 0.07978
0.53774 0.11945
0.87912 0.31301
0.82307 0.74187
0.84476 0.88159
0.91328 0.45328
0.91054 0.41862
22
0.00000 0.07518
0.02717 0.06908
0.34837 0.13158
0.34014 0.36279
0.21655 0.29575
0.21655 0.29319
0.21753 0.29621
0.44354 0.11335
0.30300 0.91869
0.36506 0.90747
0.27037 0.43194
0.45726 0.16469
0.62596 0.54166
0.62596 0.54626
0.14678 0.10466
0.21429 0.07978
0.70820 0.10112
0.52079 0.18752
0.40641 0.10670
0.30424 0.39529
0.91877 0.38060
0.91054 0.41862
33
0.00000 0.07518
0.03537 0.05036
0.75605 0.12399
0.83826 0.75915
0.73959 0.79519
0.44132 0.47002
0.15498 0.21444
0.13332 0.06402
0.20681 0.29371
0.83330 0.95680
0.86916 0.95067
0.65163 0.55645
0.78045 0.69769
0.18937 0.27338
0.97658 0.35420
0.62047 0.00308
0.13656 0.14682
0.32769 0.79269
0.19636 0.27389
0.16497 0.05844
0.90855 0.58736
0.76252 0.68291
0.75429 0.42380
0.40370 0.10521
0.58510 0.20225
0.47719 0.11387
0.08747 0.05286
0.74184 0.15445
0.68949 0.99744
0.28830 0.41105
0.66084 0.51626
0.88438 0.39331
0.91054 0.41862
14
0.00000 0.07518
0.00372 0.04985
0.08322 0.05491
0.30202 0.39990
0.16272 0.07421
0.16919 0.07881
0.14303 0.06357
0.00150 0.14228
0.05879 0.05588
0.29379 0.39380
0.73436 0.44462
0.86766 0.41919
0.89160 0.41715
0.91054 0.41862
44
0.00000 0.07518
0.01346 0.04729
0.71891 0.81147
0.56815 0.52947
0.56815 0.52947
0.65810 0.56812
0.56589 0.53050
0.56589 0.53050
0.34713 0.70123
0.56540 0.52998
0.56540 0.52998
0.56540 0.52998
0.56540 0.52998
0.56540 0.52998
0.56540 0.52998
0.56540 0.52998
0.56540 0.52998
0.71839 0.45932
0.44080 0.11024
0.57736 0.19923
0.25019 0.07933
0.04736 0.00665
0.06353 0.25865
0.44456 0.15246
0.48218 0.48578
0.48218 0.48578
0.17843 0.23883
0.18117 0.24243
0.48440 0.48428
0.77349 0.68138
0.84623 0.34914
0.38201 0.99848
0.32916 0.90092
0.40543 0.55895
0.56714 0.33691
0.43110 0.44611
0.40915 0.62196
0.73809 0.43956
0.83003 0.36130
0.61352 0.03357
0.35709 0.77437
0.69076 0.82519
0.90456 0.42477
0.91054 0.41862
11
0.00000 0.07518
0.02940 0.04729
0.24496 0.07518
0.14528 0.08280
0.14028 0.18752
0.04511 0.04268
0.10814 0.27697
0.20459 0.26883
0.42787 0.46444
0.93896 0.41618
0.91054 0.41862
10
0.00000 0.07518
0.02316 0.06863
0.42287 0.11079
0.54323 0.19765
0.03588 0.31682
0.29928 0.10414
0.47444 0.17073
0.65486 0.14682
0.90306 0.43599
0.91054 0.41862
9
0.00000 0.07518
0.15550 0.07171
0.59068 0.19437
0.30526 0.72912
0.37502 0.77995
0.34389 0.53812
0.59344 0.26703
0.88111 0.39227
0.91054 0.41862
19
0.00000 0.07518
0.01195 0.06198
0.44407 0.27033
0.45129 0.11990
0.64938 0.14585
0.85844 0.03055
0.61450 0.13722
0.54048 0.18853
0.44730 0.04012
0.02740 0.34322
0.17069 0.37054
0.31398 0.39785
0.39994 0.86939
0.64987 0.04427
0.80165 0.71797
0.59656 0.01628
0.85622 0.38721
0.90130 0.42636
0.91054 0.41862
13
0.00000 0.07518
0.42388 0.10728
0.95189 0.10933
0.64788 0.14439
0.09096 0.29139
0.34115 0.13259
0.56168 0.22353
0.57337 0.24597
0.46997 0.16905
0.16994 0.06908
0.15550 0.06561
0.91002 0.42468
0.91054 0.41862
17
0.00000 0.07518
0.01222 0.10536
0.00124 0.10509
0.28109 0.08960
0.54672 0.04222
0.22203 0.08106
0.36679 0.02408
0.19114 0.26819
0.44381 0.17405
0.66434 0.18795
0.06686 0.44236
0.21828 0.44514
0.63517 0.18951
0.72888 0.18951
0.95489 0.34786
0.90479 0.39035
0.91054 0.41862
8
0.00000 0.07518
0.01120 0.04524
0.40915 0.02902
0.45651 0.11387
0.57537 0.20323
0.97207 0.13771
0.90130 0.42785
0.91054 0.41862
11
0.00000 0.07518
0.43659 0.47002
0.80240 0.83891
0.82506 0.66971
0.05706 0.44611
0.45178 0.10317
0.56217 0.04774
0.43531 0.10978
0.16272 0.12399
0.90257 0.42227
0.91054 0.41862
14
0.00000 0.07518
0.91204 0.42938
0.85074 0.33947
0.14603 0.08640
0.40295 0.55154
0.38351 0.70705
0.38299 0.70778
0.38325 0.70733
0.44057 0.05704
0.48940 0.11369
0.65686 0.14591
0.85371 0.28088
0.73136 0.64855
0.91054 0.41862
15
0.00000 0.07518
0.01071 0.05036
0.01395 0.01320
0.81484 0.21085
0.54548 0.52236
0.33841 0.77181
0.10540 0.41514
0.21553 0.44974
0.08098 0.44668
0.23624 0.44054
0.42561 0.27139
0.33739 0.02338
0.79639 0.18496
0.91227 0.38721
0.91054 0.41862
11
0.00000 0.07518
0.02891 0.05747
0.02989 0.04485
0.24669 0.35188
0.20084 0.28261
0.00996 0.10408
0.14453 0.12649
0.18614 0.25609
0.30127 0.98128
0.89457 0.38337
0.91054 0.41862
8
0.00000 0.07518
0.00605 0.03900
0.04465 0.04666
0.08326 0.05432
0.12186 0.06198
0.45452 0.28097
0.91452 0.45480
0.91054 0.41862
16
0.00000 0.07518
0.00500 0.05921
0.30401 0.53236
0.43708 0.11338
0.52304 0.17310
0.77173 0.48374
0.76699 0.68336
0.43633 0.26353
0.32991 0.02716
0.31296 0.08646
0.14753 0.09997
0.24297 0.10280
0.03887 0.05512
0.87912 0.35627
0.88859 0.39258
0.91054 0.41862
22
0.00000 0.07518
0.00372 0.07826
0.13381 0.17027
0.22625 0.32170
0.20382 0.04967
0.75654 0.12350
0.86096 0.29063
0.41964 0.11176
0.43193 0.16613
0.44422 0.22050
0.45651 0.27487
0.52677 0.18752
0.20283 0.07625
0.33514 0.40041
0.41588 0.45072
0.75429 0.66971
0.43208 0.44666
0.56168 0.34197
0.53078 0.13311
0.55296 0.12856
0.90731 0.41362
0.91054 0.41862
16
0.00000 0.07518
0.02996 0.07328
0.07055 0.08357
0.11115 0.09386
0.15175 0.10414
0.42659 0.46136
0.68426 0.59099
0.88712 0.99085
0.14028 0.18188
0.20881 0.09811
0.42512 0.27033
0.38573 0.89790
0.38750 0.70379
0.20681 0.28911
0.90678 0.39837
0.91054 0.41862
31
0.00000 0.07518
0.01894 0.07216
0.71418 0.08131
0.81112 0.64632
0.77996 0.48578
0.72489 0.98326
0.86641 0.93546
0.79368 0.72867
0.31224 0.98726
0.17569 0.07518
0.49786 0.18393
0.58059 0.26423
0.43482 0.10875
0.33367 0.10216
0.15227 0.07268
0.17967 0.01116
0.33965 0.42078
0.43757 0.44611
0.62919 0.31408
0.69024 0.48730
0.71369 0.81147
0.69723 0.83183
0.75004 0.96899
0.13806 0.14176
0.37329 0.54270
0.41915 0.47867
0.50609 0.50252
0.21279 0.29423
0.13881 0.18347
0.91603 0.44462
0.91054 0.41862
27
0.00000 0.07518
0.03789 0.05189
0.10863 0.01223
0.04511 0.00814
0.04535 0.00814
0.04560 0.00814
0.04511 0.00460
0.04535 0.00282
0.04560 0.00104
0.40543 0.56096
0.19809 0.27645
0.15233 0.07845
0.94866 0.35465
0.58608 0.30691
0.39122 0.78357
0.25094 0.35874
0.17742 0.24289
0.16099 0.04576
0.38100 0.03152
0.01992 0.44611
0.11912 0.05640
0.29879 0.10015
0.36551 0.92080
0.84100 0.83077
0.99053 0.34703
0.90629 0.40246
0.91054 0.41862
25
0.00000 0.07518
0.44456 0.03762
0.46001 0.16719
0.29879 0.40246
0.15550 0.20630
0.44031 0.26627
0.67930 0.14841
0.80514 0.37502
0.80014 0.37246
0.56442 0.02902
0.53888 0.02356
0.51334 0.01809
0.48779 0.01262
0.46225 0.00715
0.43670 0.00169
0.25891 0.46648
0.74955 0.42840
0.73485 0.09201
0.23350 0.08280
0.56217 0.20377
0.07277 0.29319
0.20185 0.27947
0.41840 0.46544
0.90855 0.39944
0.91054 0.41862
17
0.00000 0.07518
0.01346 0.09856
0.04285 0.03966
0.38897 0.10875
0.51432 0.18853
0.64066 0.13618
0.36258 0.09305
0.05755 0.06253
0.83653 0.37502
0.73361 0.44310
0.24545 0.43599
0.15227 0.08183
0.85720 0.95375
0.73087 0.63977
0.13930 0.17631
0.88239 0.39182
0.91054 0.41862
12
0.00000 0.07518
0.42610 0.10875
0.80165 0.38008
0.45726 0.48428
0.15126 0.06811
0.08871 0.45682
0.23771 0.45169
0.13705 0.13362
0.36081 0.77181
0.82457 0.74287
0.90629 0.38822
0.91054 0.41862
19
0.00000 0.07518
0.00921 0.09350
0.30477 0.75967
0.38648 0.77995
0.44531 0.79979
0.40768 0.56709
0.40317 0.57318
0.41242 0.47154
0.53500 0.17381
0.44132 0.04012
0.29330 0.13213
0.61224 0.18905
0.53327 0.14283
0.29928 0.09555
0.35758 0.41465
0.40592 0.44410
0.85995 0.60062
0.89908 0.42380
0.91054 0.41862
18
0.00000 0.07518
0.01071 0.04222
0.22027 0.30231
0.42561 0.79315
0.32371 0.59657
0.32544 0.59602
0.32495 0.59602
0.32818 0.57114
0.90257 0.35465
0.56589 0.03665
0.56714 0.03305
0.65637 0.03250
0.74008 0.05338
0.88386 0.35368
0.64863 0.04222
0.11735 0.25661
0.88987 0.39380
0.91054 0.41862
8
0.00000 0.07518
0.00425 0.04622
0.39298 0.11945
0.43757 0.17231
0.86867 0.30185
0.83277 0.77235
0.91377 0.43496
0.91054 0.41862
27
0.00000 0.07518
0.01943 0.04524
0.43110 0.11484
0.66832 0.05692
0.44354 0.23527
0.40817 0.60620
0.07950 0.46136
0.07950 0.46136
0.07950 0.46136
0.34935 0.34959
0.43933 0.17579
0.48816 0.17789
0.43384 0.15496
0.46847 0.11131
0.85495 0.16868
0.64938 0.04171
0.19261 0.25609
0.38423 0.10015
0.65588 0.32170
0.40219 0.30542
0.32495 0.59196
0.32495 0.59196
0.35310 0.42227
0.13979 0.13362
0.37603 0.43450
0.91054 0.45983
0.91054 0.41862
27
0.00000 0.07518
0.05432 0.08280
0.14952 0.09094
0.33841 0.16515
0.66185 0.56504
0.49090 0.33587
0.34337 0.15603
0.41915 0.15195
0.42460 0.26017
0.79567 0.71592
0.73260 0.64632
0.73260 0.64632
0.74508 0.11893
0.85769 0.36075
0.68949 0.59550
0.64389 0.54831
0.72662 0.09960
0.20956 0.29575
0.15024 0.09759
0.89111 0.59754
0.31721 0.38721
0.63295 0.52998
0.81037 0.21749
0.08198 0.44105
0.88934 0.59300
0.91877 0.45169
0.91054 0.41862
24
0.00000 0.07518
0.02391 0.10067
0.09021 0.44002
0.07875 0.44105
0.02267 0.08235
0.77447 0.69257
0.77447 0.69257
0.77447 0.69257
0.77447 0.69257
0.77447 0.69257
0.27436 0.44212
0.03090 0.07171
0.03090 0.07171
0.03090 0.07171
0.03090 0.07171
0.03090 0.07171
0.03090 0.07171
0.05059 0.03665
0.01195 0.09960
0.15550 0.08890
0.79041 0.70833
0.83702 0.49188
0.91501 0.38413
0.91054 0.41862
22
0.00000 0.07518
0.02940 0.05286
0.09991 0.05799
0.34337 0.14734
0.34562 0.42227
0.64814 0.55840
0.63419 0.53306
0.44854 0.42990
0.30751 0.40041
0.07773 0.06506
0.51383 0.18243
0.52455 0.37907
0.81909 0.76421
0.44407 0.05997
0.44580 0.20737
0.21978 0.08536
0.32694 0.99085
0.85844 0.91464
0.84100 0.75809
0.84100 0.75809
0.91727 0.44718
0.91054 0.41862
28
0.00000 0.07518
0.02492 0.07933
0.44854 0.16362
0.50459 0.36740
0.29105 0.38926
0.14352 0.08030
0.28507 0.42426
0.05334 0.44919
0.45550 0.05439
0.77447 0.68547
0.64539 0.55032
0.82457 0.08235
0.82582 0.07774
0.82582 0.07774
0.82457 0.08997
0.82356 0.08844
0.82232 0.08792
0.81484 0.19923
0.85021 0.48931
0.86717 0.64483
0.64712 0.55282
0.47245 0.21649
0.31946 0.00716
0.31946 0.00716
0.18388 0.00159
0.98952 0.34651
0.90505 0.39023
0.91054 0.41862
38
0.00000 0.07518
0.00372 0.09146
0.00372 0.09146
0.00372 0.09146
0.00921 0.05588
0.69399 0.82626
0.90904 0.97713
0.90904 0.97713
0.90904 0.97713
0.90904 0.97713
0.90904 0.97713
0.90904 0.97713
0.31995 0.06561
0.39298 0.03250
0.33739 0.02692
0.56266 0.07677
0.55793 0.04372
0.68625 0.99893
0.01845 0.05189
0.14028 0.18905
0.43584 0.11387
0.48391 0.17231
0.47794 0.11484
0.44256 0.04427
0.44678 0.11024
0.81360 0.20527
0.77947 0.70123
0.40817 0.54120
0.13656 0.16054
0.07875 0.05640
0.29056 0.11131
0.43208 0.15856
0.45328 0.28152
0.44256 0.04729
0.86867 0.28097
0.72715 0.59959
0.89532 0.40343
0.91054 0.41862
14
0.00000 0.07518
0.02665 0.04524
0.13979 0.03814
0.41640 0.46392
0.29977 0.97713
0.11961 0.05948
0.14664 0.11118
0.21006 0.37628
0.33690 0.90650
0.80514 0.20481
0.61949 0.02491
0.20732 0.27159
0.90629 0.43496
0.91054 0.41862
12
0.00000 0.07518
0.02443 0.05171
0.86668 0.95226
0.62746 0.02948
0.87664 0.51370
0.77222 0.68873
0.73260 0.44340
0.02590 0.07369
0.37502 0.14061
0.62769 0.54197
0.90032 0.41907
0.91054 0.41862
11
0.00000 0.07518
0.02143 0.04183
0.24918 0.03512
0.26838 0.44636
0.41441 0.76546
0.41340 0.78299
0.44655 0.10631
0.45625 0.16874
0.04311 0.01088
0.91403 0.44297
0.91054 0.41862
10
0.00000 0.07518
0.00150 0.04012
0.40716 0.44212
0.73534 0.43904
0.34987 0.41465
0.06029 0.44054
0.88062 0.97509
0.83104 0.56453
0.90032 0.45630
0.91054 0.41862
19
0.00000 0.07518
0.02717 0.09811
0.20008 0.27645
0.76898 0.69309
0.76951 0.68193
0.76575 0.68849
0.76575 0.68849
0.65088 0.84196
0.76849 0.68291
0.44407 0.20887
0.62821 0.54218
0.41092 0.53096
0.38152 0.70937
0.32916 0.57724
0.20606 0.27743
0.09570 0.00665
0.85720 0.88464
0.90081 0.39432
0.91054 0.41862
14
0.00000 0.07518
0.10814 0.27947
0.90731 0.58638
0.78420 0.70272
0.42114 0.45932
0.14678 0.08280
0.44854 0.04119
0.44080 0.24697
0.23771 0.46596
0.43858 0.22457
0.14404 0.44361
0.62697 0.54166
0.92200 0.38368
0.91054 0.41862
11
0.00000 0.07518
0.91452 0.44816
1.00000 0.00000
0.01297 0.07978
0.20234 0.07677
0.49414 0.17533
0.49414 0.17533
0.58608 0.29273
0.81909 0.68138
0.84100 0.23883
0.91054 0.41862
11
0.00000 0.07518
0.01297 0.09606
0.35634 0.09960
0.52304 0.17990
0.62870 0.53254
0.64539 0.55334
0.99089 0.31860
0.97911 0.34883
0.96734 0.37906
0.95556 0.40930
0.91054 0.41862
35
0.00000 0.07518
0.04560 0.07323
0.15825 0.11990
0.14626 0.10774
0.38648 0.70477
0.25466 0.35624
0.18490 0.07518
0.35484 0.13414
0.58461 0.25917
0.76203 0.13469
0.14577 0.12350
0.70046 0.99134
0.44629 0.15246
0.44641 0.14509
0.44654 0.13772
0.44666 0.13035
0.44679 0.12298
0.44691 0.11561
0.44704 0.10824
0.44716 0.10087
0.44729 0.09350
0.44741 0.08613
0.44754 0.07876
0.44767 0.07139
0.44779 0.06402
0.70820 0.10573
0.31897 0.83388
0.13479 0.16109
0.09295 0.05189
0.16047 0.05439
0.64938 0.14432
0.82131 0.22411
0.89310 0.39331
0.91975 0.45124
0.91054 0.41862
28
0.00000 0.07518
0.00308 0.10209
0.09948 0.08943
0.19587 0.07677
0.21796 0.07960
0.24006 0.08244
0.26215 0.08527
0.28424 0.08811
0.30634 0.09094
0.32843 0.09378
0.35052 0.09661
0.37261 0.09945
0.39471 0.10228
0.41680 0.10512
0.43889 0.10795
0.46099 0.11079
0.65735 0.14682
0.86318 0.28911
0.38201 0.43240
0.28233 0.43142
0.42934 0.02543
0.44132 0.18295
0.43208 0.25768
0.35036 0.12707
0.42287 0.02902
0.91652 0.56044
0.92099 0.45630
0.91054 0.41862
46
0.00000 0.07518
0.02316 0.04222
0.21655 0.36996
0.21655 0.36996
0.33044 0.12298
0.77023 0.60163
0.62096 0.53148
0.55992 0.22969
0.56217 0.47053
0.84202 0.78659
0.39720 0.30895
0.32097 0.02640
0.18490 0.02088
0.15674 0.35721
0.43384 0.23633
0.44456 0.25563
0.85296 0.17124
0.92148 0.05588
0.91727 0.06305
0.91776 0.06146
0.91652 0.06402
0.91776 0.06454
0.91975 0.05491
0.91975 0.05543
0.85622 0.02948
0.61352 0.19365
0.58931 0.21137
0.38250 0.69821
0.37825 0.70983
0.37878 0.71342
0.37280 0.70885
0.37280 0.70778
0.87912 0.28152
0.87964 0.28203
0.87912 0.28097
0.87964 0.28203
0.87912 0.28097
0.87788 0.28301
0.87566 0.28249
0.87513 0.28353
0.69621 0.16923
0.29827 0.11335
0.09668 0.30435
0.14678 0.44770
0.91975 0.44212
0.91054 0.41862
16
0.00000 0.07518
0.00797 0.09759
0.16971 0.07421
0.10390 0.07216
0.78966 0.38670
0.71790 0.45886
0.14851 0.12042
0.31499 0.07518
0.39396 0.11689
0.40866 0.29222
0.40043 0.10829
0.85074 0.17231
0.89532 0.09652
0.93945 0.08792
0.89908 0.42276
0.91054 0.41862
15
0.00000 0.07518
0.01620 0.06658
0.40494 0.29831
0.46798 0.48172
0.43531 0.46797
0.43708 0.16618
0.12509 0.06049
0.37878 0.10722
0.28906 0.09555
0.09145 0.06454
0.22027 0.10670
0.82506 0.22871
0.84025 0.75860
0.90257 0.43904
0.91054 0.41862
26
0.00000 0.07518
0.00598 0.09484
0.01770 0.00128
0.24695 0.04921
0.43907 0.10677
0.56315 0.06927
0.25590 0.03729
0.25940 0.00646
0.25068 0.00165
0.25443 0.00104
0.14303 0.06948
0.10168 0.27981
0.20309 0.07689
0.82108 0.15695
0.84897 0.28011
0.84002 0.26588
0.82706 0.24155
0.76425 0.98668
0.38524 0.99930
0.42810 0.27024
0.53800 0.15329
0.46873 0.11158
0.35634 0.42136
0.73609 0.44169
0.87863 0.39264
0.91054 0.41862
59
0.00000 0.07518
0.00501 0.04221
0.43433 0.26115
0.75478 0.04268
0.83702 0.07625
0.83702 0.07625
0.83702 0.07625
0.83702 0.07625
0.83702 0.07625
0.83702 0.07625
0.83702 0.07625
0.83702 0.07625
0.83702 0.07625
0.83702 0.07625
0.83702 0.07625
0.83702 0.07625
0.83702 0.07625
0.83702 0.07625
0.83702 0.07625
0.83702 0.07625
0.83702 0.07625
0.83702 0.07625
0.83702 0.07625
0.83702 0.07625
0.83702 0.07625
0.83702 0.07625
0.83702 0.07625
0.83702 0.07625
0.83702 0.07625
0.83702 0.07625
0.83702 0.07625
0.83702 0.07625
0.83702 0.07625
0.83702 0.07625
0.83702 0.07625
0.83702 0.07625
0.83702 0.07625
0.83702 0.07625
0.83702 0.07625
0.83702 0.07625
0.83702 0.07625
0.83702 0.07625
0.83702 0.07625
0.83702 0.07625
0.83003 0.78556
0.82680 0.84095
0.79293 0.71592
0.49515 0.49950
0.45602 0.47867
0.21606 0.30337
0.14577 0.09146
0.88186 0.97256
0.64539 0.54928
0.73162 0.11536
0.46099 0.11740
0.19087 0.26167
0.62224 0.54120
0.90182 0.38971
0.91054 0.41862
18
0.00000 0.07518
0.00523 0.10265
0.08423 0.44160
0.90081 0.59300
0.83702 0.76065
0.83875 0.75711
0.83927 0.75354
0.84100 0.75251
0.45925 0.80184
0.38848 0.78251
0.15874 0.07216
0.19087 0.22359
0.40370 0.25460
0.16971 0.45169
0.07127 0.44160
0.42013 0.68291
0.91276 0.38670
0.91054 0.41862
12
0.00000 0.07518
0.00621 0.02040
0.12408 0.29673
0.09344 0.29273
0.12607 0.24954
0.16272 0.02390
0.20557 0.27947
0.41915 0.73726
0.36405 0.69867
0.19362 0.26423
0.90456 0.44514
0.91054 0.41862
21
0.00000 0.07518
0.19535 0.26725
0.73587 0.43752
0.83604 0.77745
0.83003 0.74949
0.79789 0.19259
0.56168 0.08890
0.56714 0.09707
0.56939 0.09856
0.56714 0.09457
0.92599 0.53962
0.42885 0.46444
0.45573 0.05621
0.77124 0.13112
0.77023 0.12963
0.02815 0.43142
0.19038 0.44105
0.14152 0.23935
0.00248 0.13414
0.90580 0.43090
0.91054 0.41862
15
0.00000 0.07518
0.00572 0.06088
0.63344 0.53248
0.46373 0.48154
0.25865 0.01116
0.74132 0.79565
0.97332 0.35465
0.85547 0.87241
0.71369 0.99262
0.36555 0.99622
0.14701 0.12061
0.53052 0.51270
0.64712 0.55148
0.90257 0.38938
0.91054 0.41862
17
0.00000 0.07518
0.01620 0.04472
0.15874 0.06198
0.13332 0.44919
0.16497 0.44868
0.04609 0.02851
0.06728 0.07067
0.05706 0.03101
0.25244 0.43496
0.14753 0.08945
0.16919 0.00665
0.42885 0.02543
0.93843 0.52334
0.79515 0.70019
0.83454 0.77339
0.89908 0.42682
0.91054 0.41862
8
0.00000 0.07518
0.02590 0.05439
0.00248 0.22563
0.14952 0.22359
0.71741 0.63419
0.87190 0.93598
0.91975 0.45276
0.91054 0.41862
24
0.00000 0.07518
0.00098 0.04826
0.84972 0.26274
0.84100 0.75303
0.78966 0.17631
0.29977 0.10722
0.42238 0.10875
0.29379 0.38618
0.14152 0.12350
0.83454 0.25460
0.81161 0.00409
0.44031 0.19002
0.42013 0.45374
0.11461 0.44310
0.43982 0.11024
0.15498 0.20579
0.15498 0.20579
0.14900 0.20630
0.14753 0.18853
0.14303 0.12399
0.43757 0.17231
0.95414 0.35164
0.89036 0.38517
0.91054 0.41862
9
0.00000 0.07518
0.01470 0.06402
0.25417 0.00768
0.39896 0.11024
0.42062 0.25768
0.24222 0.07881
0.87239 0.95015
0.91002 0.44514
0.91054 0.41862
61
0.00000 0.07518
0.00150 0.08792
0.00199 0.09094
0.14901 0.10130
0.29603 0.11165
0.44305 0.12201
0.74508 0.14585
0.88934 0.35874
0.20407 0.28459
0.46647 0.16817
0.17193 0.06357
0.03196 0.07674
0.06891 0.06607
0.10587 0.05541
0.14282 0.04474
0.17977 0.03408
0.21673 0.02341
0.25368 0.01274
0.03590 0.04774
0.00150 0.08890
0.01395 0.08695
0.00846 0.09350
0.00797 0.09457
0.00921 0.09503
0.00323 0.08332
0.00647 0.08997
0.30800 0.09457
0.00323 0.08235
0.00323 0.08235
0.00647 0.09350
0.00771 0.09416
0.00896 0.09482
0.01020 0.09548
0.01145 0.09613
0.01270 0.09679
0.01394 0.09745
0.01519 0.09811
0.01620 0.09960
0.01071 0.09094
0.25466 0.00460
0.15550 0.06454
0.24166 0.15518
0.50013 0.42711
0.58629 0.51775
0.67245 0.60839
0.75860 0.69903
0.84476 0.78967
0.84100 0.79120
0.99746 0.92352
0.97382 0.72890
0.83641 0.58746
0.69900 0.44603
0.56159 0.30459
0.42418 0.16315
0.28677 0.02172
0.23673 0.45682
0.13955 0.14432
0.72440 0.98220
0.87190 0.94918
0.90904 0.44258
0.91054 0.41862
12
0.00000 0.07518
0.09668 0.29728
0.08322 0.25353
0.32221 0.53404
0.40915 0.55081
0.63021 0.54270
0.67554 0.59754
0.41915 0.45276
0.41415 0.10265
0.73485 0.15707
0.87314 0.39484
0.91054 0.41862
8
0.00000 0.07518
0.01793 0.10722
0.13930 0.06402
0.92249 0.54626
0.72662 0.45374
0.09991 0.30542
0.91727 0.38413
0.91054 0.41862
36
0.00000 0.07518
0.04334 0.03506
0.04187 0.03305
0.04334 0.03665
0.03789 0.04985
0.17569 0.12451
0.17569 0.12451
0.17569 0.12451
0.17569 0.12451
0.16821 0.12298
0.18614 0.20277
0.18888 0.26423
0.18939 0.24010
0.18989 0.21597
0.30849 0.39581
0.10540 0.05896
0.24918 0.04933
0.24771 0.04729
0.24594 0.04427
0.24170 0.04729
0.24170 0.04729
0.23823 0.04933
0.16595 0.06710
0.26165 0.00159
0.48455 0.33641
0.70745 0.67123
0.64814 0.55946
0.33641 0.69663
0.24918 0.02799
0.25466 0.02238
0.25466 0.02238
0.06554 0.02771
0.83976 0.87043
0.45053 0.80440
0.89983 0.38264
0.91054 0.41862
29
0.00000 0.07518
0.00000 0.06506
0.31123 0.69156
0.04935 0.05082
0.31672 0.07323
0.40442 0.11228
0.40592 0.14841
0.40866 0.15195
0.41190 0.15957
0.40866 0.15957
0.40592 0.13920
0.40592 0.13920
0.40592 0.13920
0.44031 0.12399
0.73685 0.98271
0.11040 0.06454
0.17343 0.23783
0.23771 0.34197
0.15175 0.12804
0.27361 0.41566
0.14626 0.09707
0.09991 0.32621
0.04661 0.03454
0.42659 0.11024
0.29428 0.40343
0.55668 0.12503
0.93896 0.34197
0.91328 0.42785
0.91054 0.41862
19
0.00000 0.07518
0.01894 0.05692
0.20008 0.26475
0.50459 0.38767
0.69076 0.59959
0.81484 0.76065
0.47519 0.81449
0.77496 0.69257
0.69350 0.38060
0.79466 0.52898
0.82405 0.73327
0.88712 0.99744
0.64167 0.54928
0.46200 0.28966
0.46249 0.29017
0.43858 0.18649
0.91002 0.32517
0.89310 0.39182
0.91054 0.41862
